0
-0.0651494
1
-0.133361
2
-0.0949088
3
-0.321345
4
-0.192131
5
-0.146954
6
-0.0755325
7
-0.21546
8
-0.165164
9
-0.112026
10
-0.0777811
11
-0.218879
12
-0.201118
13
-0.167586
14
-0.106309
15
-0.190268
16
-0.0403347
17
-0.0893534
18
-0.170497
19
-0.119532
20
-0.119193
21
-0.128645
22
-0.268897
23
-0.0917858
24
-0.312422
25
-0.243925
26
-0.0888213
27
-0.0769583
28
-0.084702
29
-0.0495733
30
-0.149422
31
-0.180373
32
-0.127776
33
-0.0877283
34
-0.11824
35
-0.124382
36
-0.0891422
37
-0.155391
38
-0.187438
39
-0.115378
40
-0.048288
41
-0.0555189
42
-0.357113
43
-0.21809
44
-0.329076
45
-0.277307
46
-0.464114
47
-0.106183
48
-0.13042
49
-0.25198
50
-0.333756
51
-0.212999
52
-0.129384
