0
0
-1.17647
1
0
-1.23191
2
0
-1.23285
3
0
-1.32017
4
0
-1.36985
5
0
-1.32367
6
0
-1.2503
7
0
-1.27363
8
0
-1.21043
9
0
-1.20101
10
0
-1.28906
11
0
-1.20225
12
0
-1.2505
13
0
-1.25298
14
0
-1.21146
15
0
-1.30127
16
0
-1.19584
17
0
-1.24062
18
0
-1.3152
19
0
-1.27739
20
0
-1.31203
21
0
-1.29467
22
0
-1.20881
23
0
-1.25083
24
0
-1.19175
25
0
-1.17769
26
0
-1.31831
27
0
-1.33097
28
0
-1.32187
29
0
-1.36184
30
0
-1.24509
31
0
-1.08646
32
0
-1.32785
33
0
-1.28233
34
0
-1.34421
35
0
-1.30134
36
0
-1.26062
37
0
-1.2131
38
0
-1.35372
39
0
-1.34354
40
0
-1.16412
41
0
-1.19221
42
0
-1.1952
43
0
-1.16048
44
0
-1.3045
45
0
-1.15634
46
0
-1.27225
47
0
-1.3061
48
0
-1.33089
49
0
-1.31793
50
0
-1.21574
51
0
-1.44725
52
0
-1.33461
0
1
-1.42523
1
1
-1.20259
2
1
-1.30634
3
1
-1.42478
4
1
-1.37809
5
1
-1.36005
6
1
-1.34672
7
1
-1.36345
8
1
-1.22396
9
1
-1.31872
10
1
-1.45418
11
1
-1.31321
12
1
-1.13192
13
1
-1.34463
14
1
-1.25397
15
1
-1.5027
16
1
-1.30036
17
1
-1.27264
18
1
-1.27954
19
1
-1.31773
20
1
-1.30414
21
1
-1.27044
22
1
-1.40938
23
1
-1.25589
24
1
-1.29843
25
1
-1.25262
26
1
-1.12304
27
1
-1.32408
28
1
-1.15158
29
1
-1.31423
30
1
-1.33765
31
1
-1.36913
32
1
-1.25117
33
1
-1.34803
34
1
-1.15361
35
1
-1.30033
36
1
-1.30683
37
1
-1.26789
38
1
-1.09302
39
1
-1.33016
40
1
-1.36044
41
1
-1.43105
42
1
-1.22905
43
1
-1.29082
44
1
-1.17234
45
1
-1.23023
46
1
-1.24695
47
1
-1.13491
48
1
-1.26381
49
1
-1.36718
50
1
-1.2341
51
1
-1.27912
52
1
-1.18093
0
2
-1.35046
1
2
-1.44538
2
2
-1.08959
3
2
-1.29992
4
2
-1.3103
5
2
-1.3201
6
2
-1.38073
7
2
-1.21249
8
2
-1.1811
9
2
-1.16757
10
2
-1.17293
11
2
-1.38843
12
2
-1.31053
13
2
-1.46603
14
2
-1.27364
15
2
-1.19282
16
2
-1.29235
17
2
-1.27279
18
2
-1.23476
19
2
-1.22749
20
2
-1.37175
21
2
-1.23022
22
2
-1.12153
23
2
-1.24064
24
2
-1.39279
25
2
-1.3373
26
2
-1.36002
27
2
-1.15251
28
2
-1.19432
29
2
-1.34563
30
2
-1.28999
31
2
-1.23698
32
2
-1.31754
33
2
-1.21544
34
2
-1.20138
35
2
-1.48054
36
2
-1.3491
37
2
-1.1982
38
2
-1.20083
39
2
-1.23141
40
2
-1.3427
41
2
-1.26621
42
2
-1.25165
43
2
-1.26663
44
2
-1.30136
45
2
-1.19678
46
2
-1.28779
47
2
-1.26918
48
2
-1.40393
49
2
-1.26292
50
2
-1.40554
51
2
-1.35639
52
2
-1.30059
0
3
-1.27721
1
3
-1.24215
2
3
-1.13698
3
3
-1.40364
4
3
-1.08992
5
3
-1.42526
6
3
-1.43249
7
3
-1.36249
8
3
-1.22965
9
3
-1.13575
10
3
-1.33051
11
3
-1.16035
12
3
-1.29481
13
3
-1.21872
14
3
-1.20427
15
3
-1.49499
16
3
-1.41935
17
3
-1.1809
18
3
-1.41867
19
3
-1.35745
20
3
-1.39542
21
3
-1.22068
22
3
-1.2671
23
3
-1.32029
24
3
-1.39544
25
3
-1.22342
26
3
-1.30814
27
3
-1.26015
28
3
-1.22792
29
3
-1.1788
30
3
-1.39247
31
3
-1.37612
32
3
-1.19944
33
3
-1.22796
34
3
-1.31026
35
3
-1.30647
36
3
-1.20857
37
3
-1.38159
38
3
-1.37131
39
3
-1.30133
40
3
-1.37297
41
3
-1.37154
42
3
-1.16276
43
3
-1.23399
44
3
-1.11802
45
3
-1.15561
46
3
-1.28199
47
3
-1.35703
48
3
-1.41474
49
3
-1.34479
50
3
-1.34552
51
3
-1.33439
52
3
-1.27424
0
4
-1.37824
1
4
-1.26432
2
4
-1.2664
3
4
-1.29455
4
4
-1.45641
5
4
-1.23786
6
4
-1.40587
7
4
-1.30234
8
4
-1.19313
9
4
-1.39309
10
4
-1.4374
11
4
-1.348
12
4
-1.28583
13
4
-1.3121
14
4
-1.29697
15
4
-1.15499
16
4
-1.22189
17
4
-1.21641
18
4
-1.46051
19
4
-1.27833
20
4
-1.34555
21
4
-1.335
22
4
-1.19482
23
4
-1.39801
24
4
-1.34829
25
4
-1.28836
26
4
-1.19036
27
4
-1.21729
28
4
-1.37817
29
4
-1.40418
30
4
-1.3062
31
4
-1.41034
32
4
-1.26909
33
4
-1.24845
34
4
-1.3693
35
4
-1.14696
36
4
-1.28414
37
4
-1.2803
38
4
-1.18376
39
4
-1.21922
40
4
-1.37397
41
4
-1.2912
42
4
-1.25401
43
4
-1.17842
44
4
-1.25966
45
4
-1.35013
46
4
-1.38088
47
4
-1.23658
48
4
-1.18671
49
4
-1.20821
50
4
-1.38303
51
4
-1.34012
52
4
-1.23073
0
5
-1.36668
1
5
-1.32323
2
5
-1.26578
3
5
-1.23749
4
5
-1.29301
5
5
-1.35256
6
5
-1.35408
7
5
-1.31925
8
5
-1.17899
9
5
-1.32962
10
5
-1.1615
11
5
-1.23752
12
5
-1.31667
13
5
-1.37349
14
5
-1.37974
15
5
-1.35071
16
5
-1.28493
17
5
-1.12912
18
5
-1.22349
19
5
-1.19907
20
5
-1.3982
21
5
-1.37007
22
5
-1.32268
23
5
-1.41615
24
5
-1.21565
25
5
-1.29551
26
5
-1.14291
27
5
-1.17667
28
5
-1.47421
29
5
-1.23784
30
5
-1.32759
31
5
-1.15481
32
5
-1.29715
33
5
-1.07077
34
5
-1.15165
35
5
-1.26007
36
5
-1.1889
37
5
-1.1804
38
5
-1.32399
39
5
-1.39094
40
5
-1.3669
41
5
-1.38197
42
5
-1.30614
43
5
-1.31723
44
5
-1.31686
45
5
-1.17816
46
5
-1.35146
47
5
-1.21609
48
5
-1.27538
49
5
-1.30735
50
5
-1.40247
51
5
-1.42039
52
5
-1.31491
0
6
-1.50509
1
6
-1.37941
2
6
-1.17538
3
6
-1.3821
4
6
-1.21225
5
6
-1.40751
6
6
-1.27711
7
6
-1.2721
8
6
-1.26553
9
6
-1.27472
10
6
-1.08906
11
6
-1.32795
12
6
-1.36344
13
6
-1.1905
14
6
-1.18728
15
6
-1.34762
16
6
-1.17394
17
6
-1.32606
18
6
-1.41974
19
6
-1.28884
20
6
-1.33251
21
6
-1.23008
22
6
-1.12864
23
6
-1.27126
24
6
-1.31667
25
6
-1.36696
26
6
-1.32054
27
6
-1.27944
28
6
-1.26998
29
6
-1.17276
30
6
-1.28529
31
6
-1.2509
32
6
-1.29331
33
6
-1.19976
34
6
-1.28525
35
6
-1.19282
36
6
-1.25179
37
6
-1.35783
38
6
-1.20777
39
6
-1.47625
40
6
-1.15806
41
6
-1.36595
42
6
-1.23741
43
6
-1.32065
44
6
-1.3985
45
6
-1.37613
46
6
-1.25236
47
6
-1.36402
48
6
-1.42206
49
6
-1.35181
50
6
-1.30381
51
6
-1.2781
52
6
-1.43059
0
7
-1.25076
1
7
-1.26747
2
7
-1.42338
3
7
-1.42983
4
7
-1.34701
5
7
-1.41286
6
7
-1.31649
7
7
-1.45443
8
7
-1.30971
9
7
-1.34652
10
7
-1.14949
11
7
-1.17711
12
7
-1.35209
13
7
-1.28526
14
7
-1.22457
15
7
-1.25669
16
7
-1.38171
17
7
-1.37168
18
7
-1.32128
19
7
-1.38097
20
7
-1.31277
21
7
-1.26893
22
7
-1.2954
23
7
-1.38182
24
7
-1.17181
25
7
-1.31226
26
7
-1.2213
27
7
-1.32515
28
7
-1.24962
29
7
-1.29933
30
7
-1.14895
31
7
-1.26415
32
7
-1.22109
33
7
-1.35154
34
7
-1.27186
35
7
-1.3284
36
7
-1.1845
37
7
-1.3845
38
7
-1.24076
39
7
-1.32666
40
7
-1.32287
41
7
-1.16167
42
7
-1.3246
43
7
-1.2585
44
7
-1.2027
45
7
-1.33431
46
7
-1.29251
47
7
-1.34315
48
7
-1.37415
49
7
-1.41325
50
7
-1.3679
51
7
-1.29802
52
7
-1.31935
0
8
-1.35456
1
8
-1.44784
2
8
-1.26008
3
8
-1.28203
4
8
-1.34345
5
8
-1.40298
6
8
-1.31805
7
8
-1.1355
8
8
-1.19198
9
8
-1.34141
10
8
-1.27515
11
8
-1.36205
12
8
-1.30951
13
8
-1.36402
14
8
-1.16216
15
8
-1.20571
16
8
-1.16972
17
8
-1.30788
18
8
-1.27264
19
8
-1.36304
20
8
-1.3688
21
8
-1.38989
22
8
-1.30857
23
8
-1.33755
24
8
-1.26827
25
8
-1.1727
26
8
-1.29529
27
8
-1.17005
28
8
-1.20425
29
8
-1.34792
30
8
-1.21536
31
8
-1.37916
32
8
-1.1936
33
8
-1.41547
34
8
-1.37439
35
8
-1.16731
36
8
-1.38391
37
8
-1.38013
38
8
-1.22998
39
8
-1.21553
40
8
-1.14718
41
8
-1.16058
42
8
-1.18995
43
8
-1.3144
44
8
-1.24589
45
8
-1.28956
46
8
-1.17797
47
8
-1.2736
48
8
-1.27916
49
8
-1.2579
50
8
-1.25803
51
8
-1.2621
52
8
-1.20474
0
9
-1.19554
1
9
-1.24408
2
9
-1.19035
3
9
-1.37688
4
9
-1.1212
5
9
-1.27813
6
9
-1.25689
7
9
-1.36807
8
9
-1.1425
9
9
-1.34039
10
9
-1.37144
11
9
-1.42193
12
9
-1.30694
13
9
-1.34694
14
9
-1.26149
15
9
-1.41641
16
9
-1.42107
17
9
-1.18779
18
9
-1.3201
19
9
-1.36387
20
9
-1.31898
21
9
-1.25649
22
9
-1.31878
23
9
-1.25752
24
9
-1.37133
25
9
-1.42929
26
9
-1.29858
27
9
-1.38476
28
9
-1.29023
29
9
-1.14834
30
9
-1.26588
31
9
-1.12
32
9
-1.38513
33
9
-1.30897
34
9
-1.17132
35
9
-1.22946
36
9
-1.33585
37
9
-1.25189
38
9
-1.42374
39
9
-1.16206
40
9
-1.26096
41
9
-1.28381
42
9
-1.26652
43
9
-1.21768
44
9
-1.30133
45
9
-1.18182
46
9
-1.34191
47
9
-1.31021
48
9
-1.18686
49
9
-1.44302
50
9
-1.20142
51
9
-1.2995
52
9
-1.19339
0
10
-1.21942
1
10
-1.125
2
10
-1.10041
3
10
-1.33462
4
10
-1.31198
5
10
-1.40527
6
10
-1.29803
7
10
-1.38423
8
10
-1.39666
9
10
-1.18044
10
10
-1.22563
11
10
-1.19796
12
10
-1.18751
13
10
-1.38846
14
10
-1.26687
15
10
-1.27503
16
10
-1.16774
17
10
-1.35451
18
10
-1.30659
19
10
-1.30772
20
10
-1.2512
21
10
-1.40772
22
10
-1.36341
23
10
-1.15876
24
10
-1.23344
25
10
-1.32699
26
10
-1.35113
27
10
-1.24999
28
10
-1.32198
29
10
-1.39432
30
10
-1.3723
31
10
-1.41616
32
10
-1.42561
33
10
-1.32878
34
10
-1.28397
35
10
-1.36298
36
10
-1.17776
37
10
-1.0907
38
10
-1.31722
39
10
-1.35957
40
10
-1.29318
41
10
-1.31326
42
10
-1.1447
43
10
-1.18974
44
10
-1.38915
45
10
-1.1574
46
10
-1.26503
47
10
-1.26453
48
10
-1.27303
49
10
-1.32864
50
10
-1.37195
51
10
-1.28867
52
10
-1.29676
0
11
-1.30823
1
11
-1.39038
2
11
-1.34069
3
11
-1.29032
4
11
-1.17276
5
11
-1.44547
6
11
-1.43965
7
11
-1.31374
8
11
-1.16278
9
11
-1.26695
10
11
-1.41477
11
11
-1.26015
12
11
-1.35711
13
11
-1.22329
14
11
-1.38136
15
11
-1.38369
16
11
-1.12001
17
11
-1.2535
18
11
-1.39446
19
11
-1.29967
20
11
-1.38298
21
11
-1.3676
22
11
-1.33678
23
11
-1.25293
24
11
-1.21005
25
11
-1.43533
26
11
-1.42261
27
11
-1.28688
28
11
-1.31027
29
11
-1.37003
30
11
-1.28355
31
11
-1.24991
32
11
-1.22785
33
11
-1.38662
34
11
-1.19434
35
11
-1.20331
36
11
-1.34538
37
11
-1.24505
38
11
-1.15435
39
11
-1.46621
40
11
-1.22935
41
11
-1.38769
42
11
-1.29887
43
11
-1.28298
44
11
-1.37772
45
11
-1.23285
46
11
-1.30413
47
11
-1.2763
48
11
-1.24493
49
11
-1.2152
50
11
-1.30075
51
11
-1.2567
52
11
-1.3377
0
12
-1.36322
1
12
-1.18313
2
12
-1.44518
3
12
-1.31439
4
12
-1.33407
5
12
-1.28489
6
12
-1.25959
7
12
-1.23376
8
12
-1.30773
9
12
-1.36552
10
12
-1.22782
11
12
-1.1088
12
12
-1.21166
13
12
-1.32339
14
12
-1.18078
15
12
-1.18463
16
12
-1.21807
17
12
-1.20895
18
12
-1.32571
19
12
-1.25302
20
12
-1.22455
21
12
-1.35923
22
12
-1.36604
23
12
-1.30065
24
12
-1.22423
25
12
-1.25691
26
12
-1.33008
27
12
-1.30016
28
12
-1.2337
29
12
-1.11244
30
12
-1.13739
31
12
-1.30585
32
12
-1.11713
33
12
-1.22787
34
12
-1.22089
35
12
-1.19306
36
12
-1.32008
37
12
-1.18451
38
12
-1.2901
39
12
-1.35088
40
12
-1.30041
41
12
-1.17096
42
12
-1.24003
43
12
-1.46045
44
12
-1.45538
45
12
-1.28723
46
12
-1.34396
47
12
-1.32956
48
12
-1.21866
49
12
-1.17677
50
12
-1.1757
51
12
-1.08682
52
12
-1.19063
0
13
-1.14802
1
13
-1.4161
2
13
-1.31283
3
13
-1.37831
4
13
-1.28695
5
13
-1.37193
6
13
-1.41123
7
13
-1.43982
8
13
-1.14683
9
13
-1.37338
10
13
-1.28478
11
13
-1.31241
12
13
-1.38338
13
13
-1.13588
14
13
-1.28452
15
13
-1.38583
16
13
-1.33746
17
13
-1.20847
18
13
-1.27006
19
13
-1.32598
20
13
-1.11255
21
13
-1.26864
22
13
-1.18003
23
13
-1.23145
24
13
-1.47524
25
13
-1.22332
26
13
-1.32383
27
13
-1.30323
28
13
-1.27815
29
13
-1.34657
30
13
-1.30183
31
13
-1.32236
32
13
-1.15479
33
13
-1.27317
34
13
-1.26126
35
13
-1.16199
36
13
-1.31957
37
13
-1.3693
38
13
-1.26575
39
13
-1.16841
40
13
-1.34195
41
13
-1.2028
42
13
-1.19855
43
13
-1.11287
44
13
-1.37074
45
13
-1.24146
46
13
-1.36381
47
13
-1.36334
48
13
-1.33752
49
13
-1.20745
50
13
-1.3434
51
13
-1.23958
52
13
-1.24591
0
14
-1.11117
1
14
-1.11088
2
14
-1.40764
3
14
-1.18737
4
14
-1.42489
5
14
-1.34362
6
14
-1.39661
7
14
-1.27206
8
14
-1.17206
9
14
-1.31131
10
14
-1.20271
11
14
-1.17987
12
14
-1.19912
13
14
-1.36831
14
14
-1.23773
15
14
-1.30801
16
14
-1.32895
17
14
-1.42398
18
14
-1.41919
19
14
-1.14426
20
14
-1.20239
21
14
-1.35545
22
14
-1.1174
23
14
-1.41327
24
14
-1.40335
25
14
-1.22543
26
14
-1.08085
27
14
-1.33266
28
14
-1.29964
29
14
-1.25168
30
14
-1.15756
31
14
-1.37191
32
14
-1.32209
33
14
-1.16461
34
14
-1.34527
35
14
-1.26158
36
14
-1.23383
37
14
-1.20907
38
14
-1.15017
39
14
-1.18748
40
14
-1.26711
41
14
-1.29665
42
14
-1.29497
43
14
-1.1951
44
14
-1.41294
45
14
-1.23018
46
14
-1.27189
47
14
-1.23894
48
14
-1.35211
49
14
-1.221
50
14
-1.2771
51
14
-1.43542
52
14
-1.25363
0
15
-1.38764
1
15
-1.39722
2
15
-1.22018
3
15
-1.27419
4
15
-1.20553
5
15
-1.2742
6
15
-1.43802
7
15
-1.40397
8
15
-1.10411
9
15
-1.28575
10
15
-1.3563
11
15
-1.25945
12
15
-1.44447
13
15
-1.11275
14
15
-1.2685
15
15
-1.19003
16
15
-1.24476
17
15
-1.35422
18
15
-1.14559
19
15
-1.2994
20
15
-1.33525
21
15
-1.34466
22
15
-1.26963
23
15
-1.2305
24
15
-1.26101
25
15
-1.32182
26
15
-1.32738
27
15
-1.34564
28
15
-1.40217
29
15
-1.37965
30
15
-1.23979
31
15
-1.33982
32
15
-1.16964
33
15
-1.32834
34
15
-1.23823
35
15
-1.3841
36
15
-1.27474
37
15
-1.25704
38
15
-1.23082
39
15
-1.25501
40
15
-1.29676
41
15
-1.35811
42
15
-1.29112
43
15
-1.26792
44
15
-1.16192
45
15
-1.28603
46
15
-1.23701
47
15
-1.21483
48
15
-1.41856
49
15
-1.55202
50
15
-1.25192
51
15
-1.33163
52
15
-1.3402
0
16
-1.27995
1
16
-1.16737
2
16
-1.21502
3
16
-1.43689
4
16
-1.23314
5
16
-1.34703
6
16
-1.21454
7
16
-1.15411
8
16
-1.39709
9
16
-1.37373
10
16
-1.25369
11
16
-1.34041
12
16
-1.32164
13
16
-1.30232
14
16
-1.278
15
16
-1.3648
16
16
-1.37488
17
16
-1.33873
18
16
-1.30611
19
16
-1.34955
20
16
-1.30795
21
16
-1.29929
22
16
-1.24085
23
16
-1.28903
24
16
-1.27903
25
16
-1.36937
26
16
-1.18818
27
16
-1.18091
28
16
-1.18047
29
16
-1.16853
30
16
-1.26714
31
16
-1.22359
32
16
-1.2172
33
16
-1.24549
34
16
-1.21035
35
16
-1.1998
36
16
-1.22152
37
16
-1.22589
38
16
-1.26116
39
16
-1.2676
40
16
-1.35235
41
16
-1.3028
42
16
-1.0747
43
16
-1.30251
44
16
-1.37575
45
16
-1.38839
46
16
-1.44058
47
16
-1.25889
48
16
-1.20184
49
16
-1.21941
50
16
-1.3202
51
16
-1.16683
52
16
-1.34102
0
17
-1.22734
1
17
-1.37322
2
17
-1.24727
3
17
-1.15682
4
17
-1.23908
5
17
-1.21039
6
17
-1.29878
7
17
-1.34659
8
17
-1.46536
9
17
-1.15315
10
17
-1.27184
11
17
-1.3054
12
17
-1.47526
13
17
-1.39311
14
17
-1.11254
15
17
-1.22057
16
17
-1.459
17
17
-1.35834
18
17
-1.39129
19
17
-1.19727
20
17
-1.27913
21
17
-1.28433
22
17
-1.30676
23
17
-1.20744
24
17
-1.25958
25
17
-1.29096
26
17
-1.25692
27
17
-1.26139
28
17
-1.36328
29
17
-1.25336
30
17
-1.14482
31
17
-1.28404
32
17
-1.31709
33
17
-1.20297
34
17
-1.25087
35
17
-1.23037
36
17
-1.44571
37
17
-1.25625
38
17
-1.49512
39
17
-1.37156
40
17
-1.42897
41
17
-1.17266
42
17
-1.29644
43
17
-1.32674
44
17
-1.31615
45
17
-1.22773
46
17
-1.17888
47
17
-1.18251
48
17
-1.40249
49
17
-1.34686
50
17
-1.07952
51
17
-1.3533
52
17
-1.30431
0
18
-1.20789
1
18
-1.11825
2
18
-1.22683
3
18
-1.30803
4
18
-1.30178
5
18
-1.29001
6
18
-1.26668
7
18
-1.36096
8
18
-1.27109
9
18
-1.33479
10
18
-1.36969
11
18
-1.35082
12
18
-1.25709
13
18
-1.34283
14
18
-1.25674
15
18
-1.09331
16
18
-1.24256
17
18
-1.23656
18
18
-1.09918
19
18
-1.32355
20
18
-1.23701
21
18
-1.34091
22
18
-1.35227
23
18
-1.16454
24
18
-1.23828
25
18
-1.32315
26
18
-1.35322
27
18
-1.17848
28
18
-1.18804
29
18
-1.26486
30
18
-1.22256
31
18
-1.1959
32
18
-1.19209
33
18
-1.34573
34
18
-1.28048
35
18
-1.26366
36
18
-1.4075
37
18
-1.34831
38
18
-1.10358
39
18
-1.22374
40
18
-1.36386
41
18
-1.24578
42
18
-1.30908
43
18
-1.26458
44
18
-1.17304
45
18
-1.2955
46
18
-1.26736
47
18
-1.29994
48
18
-1.194
49
18
-1.26125
50
18
-1.22083
51
18
-1.20652
52
18
-1.35226
0
19
-1.23958
1
19
-1.30462
2
19
-1.1604
3
19
-1.24321
4
19
-1.32377
5
19
-1.18601
6
19
-1.28846
7
19
-1.29651
8
19
-1.1543
9
19
-1.16714
10
19
-1.18956
11
19
-1.19295
12
19
-1.24009
13
19
-1.16697
14
19
-1.30942
15
19
-1.31593
16
19
-1.26709
17
19
-1.38574
18
19
-1.37073
19
19
-1.40049
20
19
-1.402
21
19
-1.33823
22
19
-1.11255
23
19
-1.24659
24
19
-1.41672
25
19
-1.37563
26
19
-1.45351
27
19
-1.20113
28
19
-1.34281
29
19
-1.1696
30
19
-1.25425
31
19
-1.31193
32
19
-1.15239
33
19
-1.40789
34
19
-1.33689
35
19
-1.21986
36
19
-1.35711
37
19
-1.27218
38
19
-1.25176
39
19
-1.22529
40
19
-1.33477
41
19
-1.20792
42
19
-1.36685
43
19
-1.11043
44
19
-1.22749
45
19
-1.34596
46
19
-1.2798
47
19
-1.12303
48
19
-1.26683
49
19
-1.12649
50
19
-1.49165
51
19
-1.32886
52
19
-1.24815
0
20
-1.22122
1
20
-1.45004
2
20
-1.1271
3
20
-1.43819
4
20
-1.37909
5
20
-1.41568
6
20
-1.27684
7
20
-1.37049
8
20
-1.38324
9
20
-1.40623
10
20
-1.2541
11
20
-1.33479
12
20
-1.26298
13
20
-1.30829
14
20
-1.19205
15
20
-1.48655
16
20
-1.43439
17
20
-1.14275
18
20
-1.18275
19
20
-1.25222
20
20
-1.06652
21
20
-1.13375
22
20
-1.3351
23
20
-1.21781
24
20
-1.35611
25
20
-1.41772
26
20
-1.23559
27
20
-1.25781
28
20
-1.13504
29
20
-1.27579
30
20
-1.20008
31
20
-1.1728
32
20
-1.33371
33
20
-1.13053
34
20
-1.39728
35
20
-1.34357
36
20
-1.20649
37
20
-1.3505
38
20
-1.21335
39
20
-1.34572
40
20
-1.25791
41
20
-1.29928
42
20
-1.22503
43
20
-1.19586
44
20
-1.20366
45
20
-1.34823
46
20
-1.2825
47
20
-1.29212
48
20
-1.39027
49
20
-1.24602
50
20
-1.27701
51
20
-1.28313
52
20
-1.38655
0
21
-1.20647
1
21
-1.29181
2
21
-1.27073
3
21
-1.2489
4
21
-1.2352
5
21
-1.23363
6
21
-1.38365
7
21
-1.28015
8
21
-1.28699
9
21
-1.36407
10
21
-1.41745
11
21
-1.40301
12
21
-1.23723
13
21
-1.28844
14
21
-1.27617
15
21
-1.29756
16
21
-1.30211
17
21
-1.42505
18
21
-1.31516
19
21
-1.25272
20
21
-1.18226
21
21
-1.25677
22
21
-1.12991
23
21
-1.19282
24
21
-1.19031
25
21
-1.18528
26
21
-1.37549
27
21
-1.38017
28
21
-1.33183
29
21
-1.26146
30
21
-1.41092
31
21
-1.15934
32
21
-1.13312
33
21
-1.41331
34
21
-1.21096
35
21
-1.28575
36
21
-1.14897
37
21
-1.39673
38
21
-1.07105
39
21
-1.27443
40
21
-1.27294
41
21
-1.2675
42
21
-1.15731
43
21
-1.34931
44
21
-1.36546
45
21
-1.41065
46
21
-1.31259
47
21
-1.21522
48
21
-1.28883
49
21
-1.25911
50
21
-1.29082
51
21
-1.33968
52
21
-1.24449
0
22
-1.3178
1
22
-1.32796
2
22
-1.23975
3
22
-1.1766
4
22
-1.34305
5
22
-1.30319
6
22
-1.35062
7
22
-1.29916
8
22
-1.31378
9
22
-1.20919
10
22
-1.31573
11
22
-1.45754
12
22
-1.28072
13
22
-1.30223
14
22
-1.36539
15
22
-1.16918
16
22
-1.29239
17
22
-1.47843
18
22
-1.46476
19
22
-1.26234
20
22
-1.31331
21
22
-1.22091
22
22
-1.3132
23
22
-1.4107
24
22
-1.12627
25
22
-1.34684
26
22
-1.43273
27
22
-1.3237
28
22
-1.31881
29
22
-1.16933
30
22
-1.22123
31
22
-1.2474
32
22
-1.30972
33
22
-1.28281
34
22
-1.35095
35
22
-1.33842
36
22
-1.22742
37
22
-1.19488
38
22
-1.35668
39
22
-1.37199
40
22
-1.38704
41
22
-1.38187
42
22
-1.31741
43
22
-1.24893
44
22
-1.39482
45
22
-1.17639
46
22
-1.2106
47
22
-1.22723
48
22
-1.15995
49
22
-1.1877
50
22
-1.37216
51
22
-1.23147
52
22
-1.20371
0
23
-1.31976
1
23
-1.36675
2
23
-1.24283
3
23
-1.33929
4
23
-1.2026
5
23
-1.25983
6
23
-1.41407
7
23
-1.18576
8
23
-1.3013
9
23
-1.23889
10
23
-1.36349
11
23
-1.3264
12
23
-1.34437
13
23
-1.20501
14
23
-1.20766
15
23
-1.25933
16
23
-1.18127
17
23
-1.20073
18
23
-1.21656
19
23
-1.27732
20
23
-1.22652
21
23
-1.24327
22
23
-1.16016
23
23
-1.17031
24
23
-1.15868
25
23
-1.23097
26
23
-1.16181
27
23
-1.1865
28
23
-1.21069
29
23
-1.23933
30
23
-1.33342
31
23
-1.2474
32
23
-1.39577
33
23
-1.26593
34
23
-1.31935
35
23
-1.12934
36
23
-1.2844
37
23
-1.206
38
23
-1.22216
39
23
-1.38326
40
23
-1.33486
41
23
-1.38097
42
23
-1.15682
43
23
-1.3016
44
23
-1.24045
45
23
-1.33395
46
23
-1.15732
47
23
-1.34203
48
23
-1.20174
49
23
-1.17691
50
23
-1.13811
51
23
-1.37803
52
23
-1.18701
0
24
-1.35678
1
24
-1.30781
2
24
-1.26709
3
24
-1.2982
4
24
-1.11328
5
24
-1.21238
6
24
-1.35751
7
24
-1.33446
8
24
-1.27211
9
24
-1.32019
10
24
-1.22215
11
24
-1.10429
12
24
-1.38796
13
24
-1.34987
14
24
-1.26016
15
24
-1.26246
16
24
-1.42513
17
24
-1.3491
18
24
-1.09305
19
24
-1.20885
20
24
-1.28378
21
24
-1.35955
22
24
-1.46507
23
24
-1.38601
24
24
-1.29427
25
24
-1.17831
26
24
-1.16045
27
24
-1.13118
28
24
-1.37402
29
24
-1.22644
30
24
-1.32169
31
24
-1.24193
32
24
-1.18167
33
24
-1.26931
34
24
-1.28965
35
24
-1.29333
36
24
-1.26293
37
24
-1.18168
38
24
-1.326
39
24
-1.35294
40
24
-1.3623
41
24
-1.35861
42
24
-1.32485
43
24
-1.36562
44
24
-1.15924
45
24
-1.42339
46
24
-1.18406
47
24
-1.17881
48
24
-1.2039
49
24
-1.31451
50
24
-1.18611
51
24
-1.2024
52
24
-1.24383
0
25
-1.18111
1
25
-1.20624
2
25
-1.31605
3
25
-1.30964
4
25
-1.27377
5
25
-1.44954
6
25
-1.34549
7
25
-1.37271
8
25
-1.19654
9
25
-1.08
10
25
-1.28144
11
25
-1.14637
12
25
-1.4103
13
25
-1.37048
14
25
-1.16536
15
25
-1.28928
16
25
-1.23696
17
25
-1.34366
18
25
-1.12059
19
25
-1.13986
20
25
-1.20013
21
25
-1.1965
22
25
-1.37598
23
25
-1.28698
24
25
-1.33334
25
25
-1.36836
26
25
-1.202
27
25
-1.37064
28
25
-1.25803
29
25
-1.28714
30
25
-1.35369
31
25
-1.25696
32
25
-1.3603
33
25
-1.31073
34
25
-1.27274
35
25
-1.17868
36
25
-1.16976
37
25
-1.15447
38
25
-1.43432
39
25
-1.23983
40
25
-1.19372
41
25
-1.40344
42
25
-1.26767
43
25
-1.33995
44
25
-1.24234
45
25
-1.14909
46
25
-1.39304
47
25
-1.37933
48
25
-1.2467
49
25
-1.42178
50
25
-1.35211
51
25
-1.16503
52
25
-1.24069
