0
0
-1.3014
1
0
-1.43091
2
0
-1.22065
3
0
-1.3106
4
0
-1.25868
5
0
-1.39415
6
0
-1.49225
7
0
-1.47545
8
0
-1.66994
9
0
-1.35767
10
0
-1.36551
11
0
-1.45322
12
0
-1.41786
13
0
-1.54758
14
0
-1.37488
15
0
-1.48326
16
0
-1.33387
17
0
-1.40376
18
0
-1.43381
19
0
-1.35774
20
0
-1.30759
21
0
-1.28756
22
0
-1.36975
23
0
-1.57531
24
0
-1.2414
25
0
-1.47465
26
0
-1.3553
27
0
-1.53591
28
0
-1.48803
29
0
-1.35337
30
0
-1.41188
31
0
-1.43031
32
0
-1.32754
33
0
-1.62633
34
0
-1.32504
35
0
-1.48656
36
0
-1.30327
37
0
-1.18581
38
0
-1.34472
39
0
-1.27413
40
0
-1.60839
41
0
-1.38741
42
0
-1.5566
43
0
-1.42624
44
0
-1.28262
45
0
-1.48361
46
0
-1.15538
47
0
-1.50556
48
0
-1.62433
49
0
-1.26678
50
0
-1.30836
51
0
-1.22178
52
0
-1.49026
0
1
-1.5612
1
1
-1.43153
2
1
-1.39538
3
1
-1.25136
4
1
-1.14179
5
1
-1.40497
6
1
-1.5106
7
1
-1.56091
8
1
-1.66373
9
1
-1.73911
10
1
-1.50892
11
1
-1.46935
12
1
-1.30231
13
1
-1.40177
14
1
-1.38106
15
1
-1.32252
16
1
-1.39231
17
1
-1.41118
18
1
-1.26225
19
1
-1.39993
20
1
-1.31925
21
1
-1.47336
22
1
-1.58926
23
1
-1.52026
24
1
-1.23759
25
1
-1.62649
26
1
-1.32635
27
1
-1.55654
28
1
-1.56553
29
1
-1.45334
30
1
-1.36548
31
1
-1.34079
32
1
-1.36959
33
1
-1.26311
34
1
-1.48777
35
1
-1.61742
36
1
-1.32603
37
1
-1.46663
38
1
-1.32122
39
1
-1.31141
40
1
-1.38761
41
1
-1.51308
42
1
-1.49979
43
1
-1.19767
44
1
-1.59023
45
1
-1.2924
46
1
-1.26558
47
1
-1.75114
48
1
-1.29171
49
1
-1.47528
50
1
-1.39885
51
1
-1.52206
52
1
-1.79109
0
2
-1.35168
1
2
-1.39237
2
2
-1.18642
3
2
-1.36309
4
2
-1.48916
5
2
-1.42299
6
2
-1.58007
7
2
-1.19072
8
2
-1.60529
9
2
-1.48646
10
2
-1.28153
11
2
-1.59105
12
2
-1.34994
13
2
-1.53745
14
2
-1.61041
15
2
-1.0973
16
2
-1.42579
17
2
-1.59238
18
2
-1.2056
19
2
-1.43904
20
2
-1.32832
21
2
-1.31554
22
2
-1.46231
23
2
-1.2945
24
2
-1.53484
25
2
-1.46303
26
2
-1.34274
27
2
-1.57266
28
2
-1.2172
29
2
-1.75826
30
2
-1.3345
31
2
-1.57255
32
2
-2.19713
33
2
-1.35137
34
2
-1.59119
35
2
-1.53019
36
2
-1.37083
37
2
-1.61555
38
2
-1.3724
39
2
-1.56659
40
2
-1.30607
41
2
-1.3842
42
2
-1.44547
43
2
-1.62827
44
2
-1.35646
45
2
-1.53346
46
2
-1.38086
47
2
-1.36497
48
2
-1.59011
49
2
-1.39737
50
2
-1.31934
51
2
-1.47851
52
2
-1.12817
0
3
-1.30765
1
3
-1.31444
2
3
-1.33731
3
3
-1.46781
4
3
-1.36269
5
3
-1.3503
6
3
-1.49453
7
3
-1.37016
8
3
-1.33241
9
3
-1.54503
10
3
-1.45055
11
3
-1.24247
12
3
-1.40558
13
3
-1.45295
14
3
-1.47285
15
3
-1.47751
16
3
-1.32631
17
3
-1.23375
18
3
-1.44922
19
3
-1.41301
20
3
-1.56498
21
3
-1.45594
22
3
-1.45098
23
3
-1.30645
24
3
-1.2351
25
3
-1.4017
26
3
-1.4234
27
3
-1.19553
28
3
-1.74197
29
3
-1.54966
30
3
-0.809046
31
3
-1.41229
32
3
-1.37409
33
3
-1.46784
34
3
-1.34914
35
3
-1.37226
36
3
-1.22074
37
3
-1.32973
38
3
-1.46088
39
3
-1.44264
40
3
-1.6259
41
3
-1.21345
42
3
-1.45729
43
3
-1.62627
44
3
-1.37446
45
3
-1.20826
46
3
-1.42559
47
3
-1.50521
48
3
-1.54526
49
3
-1.03471
50
3
-1.19577
51
3
-1.56889
52
3
-1.43387
0
4
-1.46253
1
4
-1.37299
2
4
-1.54393
3
4
-1.58745
4
4
-1.49935
5
4
-1.44981
6
4
-1.42518
7
4
-1.46845
8
4
-1.30389
9
4
-1.66588
10
4
-1.26393
11
4
-1.45267
12
4
-1.39711
13
4
-1.69246
14
4
-1.86988
15
4
-1.32479
16
4
-1.62801
17
4
-1.42329
18
4
-1.6304
19
4
-1.46795
20
4
-1.63629
21
4
-1.34711
22
4
-1.62739
23
4
-1.38616
24
4
-1.48253
25
4
-1.30954
26
4
-0.931939
27
4
-1.38205
28
4
-1.20718
29
4
-1.46758
30
4
-1.34146
31
4
-1.2854
32
4
-1.52864
33
4
-1.5277
34
4
-1.47278
35
4
-1.29475
36
4
-1.50649
37
4
-1.53339
38
4
-1.45038
39
4
-1.55364
40
4
-1.52905
41
4
-1.36796
42
4
-1.4297
43
4
-1.51598
44
4
-1.33772
45
4
-1.28405
46
4
-1.40342
47
4
-1.52687
48
4
-1.37702
49
4
-1.42853
50
4
-1.45359
51
4
-1.57239
52
4
-1.49241
0
5
-1.48404
1
5
-1.12202
2
5
-1.22421
3
5
-1.55154
4
5
-1.54002
5
5
-1.45613
6
5
-1.28215
7
5
-1.2664
8
5
-1.32137
9
5
-1.43793
10
5
-1.48066
11
5
-1.24318
12
5
-1.54199
13
5
-1.43429
14
5
-1.27782
15
5
-1.26784
16
5
-1.50879
17
5
-1.48235
18
5
-1.43483
19
5
-1.18347
20
5
-1.24438
21
5
-1.42946
22
5
-1.32763
23
5
-1.28899
24
5
-1.34858
25
5
-1.45381
26
5
-1.44126
27
5
-1.17394
28
5
-1.15008
29
5
-1.37946
30
5
-1.39539
31
5
-1.36404
32
5
-1.17827
33
5
-1.35784
34
5
-1.3898
35
5
-1.41582
36
5
-1.45571
37
5
-1.12566
38
5
-1.7251
39
5
-1.32981
40
5
-1.54731
41
5
-1.31721
42
5
-1.3889
43
5
-1.48905
44
5
-1.38063
45
5
-1.41545
46
5
-1.51754
47
5
-1.38162
48
5
-1.53057
49
5
-1.40966
50
5
-1.24394
51
5
-1.75254
52
5
-1.4988
0
6
-1.56382
1
6
-1.53846
2
6
-1.36701
3
6
-1.49792
4
6
-1.2451
5
6
-1.45439
6
6
-1.41242
7
6
-1.42228
8
6
-1.36624
9
6
-1.48194
10
6
-1.42453
11
6
-1.40789
12
6
-1.54057
13
6
-1.47741
14
6
-1.32805
15
6
-1.25036
16
6
-1.21367
17
6
-1.37785
18
6
-1.41015
19
6
-1.42127
20
6
-1.38704
21
6
-1.83257
22
6
-1.48528
23
6
-1.55474
24
6
-1.43715
25
6
-1.53483
26
6
-1.30005
27
6
-1.36288
28
6
-1.55172
29
6
-1.58628
30
6
-1.35748
31
6
-1.32924
32
6
-1.31463
33
6
-1.22307
34
6
-1.47763
35
6
-1.45607
36
6
-1.47456
37
6
-1.30131
38
6
-1.45393
39
6
-1.62048
40
6
-1.2409
41
6
-1.40414
42
6
-1.165
43
6
-1.38278
44
6
-1.05327
45
6
-1.35157
46
6
-1.42814
47
6
-1.17779
48
6
-1.36831
49
6
-1.27413
50
6
-1.28614
51
6
-1.63312
52
6
-1.35148
0
7
-1.49315
1
7
-1.36721
2
7
-1.31248
3
7
-1.46602
4
7
-1.39354
5
7
-1.37432
6
7
-1.52703
7
7
-0.988077
8
7
-1.83981
9
7
-1.32913
10
7
-1.37309
11
7
-1.43125
12
7
-1.45971
13
7
-1.31202
14
7
-1.34469
15
7
-1.48644
16
7
-1.44785
17
7
-1.41119
18
7
-1.39386
19
7
-1.29943
20
7
-1.31548
21
7
-1.40565
22
7
-1.46687
23
7
-1.48493
24
7
-1.41426
25
7
-1.38534
26
7
-1.18746
27
7
-1.24467
28
7
-1.41311
29
7
-1.37135
30
7
-1.50293
31
7
-1.3911
32
7
-1.39692
33
7
-1.46812
34
7
-1.66593
35
7
-1.25085
36
7
-1.43286
37
7
-1.34953
38
7
-1.23885
39
7
-1.17636
40
7
-1.80426
41
7
-1.43813
42
7
-1.49416
43
7
-1.35066
44
7
-1.37992
45
7
-1.46988
46
7
-1.31904
47
7
-1.40004
48
7
-1.81085
49
7
-1.25012
50
7
-1.43228
51
7
-1.77186
52
7
-1.4552
0
8
-1.46839
1
8
-1.45229
2
8
-1.52401
3
8
-1.49781
4
8
-1.21293
5
8
-1.38488
6
8
-1.49487
7
8
-1.46956
8
8
-1.57862
9
8
-1.52336
10
8
-1.38377
11
8
-1.52092
12
8
-1.48644
13
8
-1.60872
14
8
-1.3251
15
8
-1.17365
16
8
-1.44712
17
8
-1.31838
18
8
-1.27566
19
8
-1.32231
20
8
-1.26264
21
8
-1.53228
22
8
-1.3272
23
8
-1.62997
24
8
-1.1682
25
8
-1.44012
26
8
-1.26019
27
8
-1.32906
28
8
-1.25855
29
8
-1.73815
30
8
-1.44658
31
8
-1.27325
32
8
-1.55419
33
8
-1.18384
34
8
-1.29017
35
8
-1.10154
36
8
-1.40542
37
8
-1.3677
38
8
-1.59322
39
8
-1.3917
40
8
-1.1695
41
8
-1.30231
42
8
-1.42201
43
8
-1.36413
44
8
-1.40548
45
8
-1.74376
46
8
-1.40326
47
8
-1.22288
48
8
-1.37542
49
8
-1.41158
50
8
-1.55194
51
8
-1.31894
52
8
-1.28971
0
9
-1.30988
1
9
-1.31519
2
9
-1.60062
3
9
-1.47997
4
9
-1.54275
5
9
-1.32702
6
9
-1.59458
7
9
-1.50399
8
9
-1.29375
9
9
-1.55449
10
9
-1.1456
11
9
-1.47161
12
9
-1.2473
13
9
-1.40486
14
9
-1.37878
15
9
-1.2904
16
9
-1.50326
17
9
-1.36912
18
9
-1.52059
19
9
-1.30169
20
9
-1.59951
21
9
-1.39237
22
9
-1.21972
23
9
-1.39232
24
9
-1.60239
25
9
-1.28761
26
9
-1.40359
27
9
-1.22651
28
9
-1.63911
29
9
-1.37971
30
9
-1.36897
31
9
-1.42865
32
9
-1.12
33
9
-1.45127
34
9
-1.31389
35
9
-1.49248
36
9
-1.15658
37
9
-1.33423
38
9
-1.40361
39
9
-1.29379
40
9
-1.56284
41
9
-1.4636
42
9
-1.43009
43
9
-1.55127
44
9
-1.53738
45
9
-1.4051
46
9
-1.28019
47
9
-1.50703
48
9
-1.26835
49
9
-1.4874
50
9
-1.32383
51
9
-1.18181
52
9
-1.2542
0
10
-1.27459
1
10
-1.20536
2
10
-1.40798
3
10
-1.39442
4
10
-1.3547
5
10
-1.36933
6
10
-1.29256
7
10
-1.50616
8
10
-1.19327
9
10
-1.57629
10
10
-1.26321
11
10
-1.37747
12
10
-1.61521
13
10
-1.43146
14
10
-1.42156
15
10
-1.47647
16
10
-1.88043
17
10
-1.64743
18
10
-1.42195
19
10
-1.51367
20
10
-1.23534
21
10
-1.26789
22
10
-1.47479
23
10
-1.43557
24
10
-1.79017
25
10
-1.73796
26
10
-1.2849
27
10
-1.426
28
10
-1.38981
29
10
-1.43619
30
10
-1.48295
31
10
-0.973473
32
10
-1.47537
33
10
-1.2715
34
10
-1.48565
35
10
-1.25355
36
10
-1.33016
37
10
-1.25194
38
10
-1.37021
39
10
-1.32253
40
10
-1.46363
41
10
-1.33321
42
10
-1.31827
43
10
-1.43135
44
10
-1.27305
45
10
-1.29577
46
10
-1.43611
47
10
-1.68222
48
10
-1.27599
49
10
-1.26066
50
10
-1.50958
51
10
-1.15673
52
10
-1.45137
0
11
-1.56423
1
11
-1.30659
2
11
-1.29339
3
11
-1.42287
4
11
-1.61814
5
11
-1.22404
6
11
-1.40202
7
11
-1.33455
8
11
-1.36478
9
11
-1.10673
10
11
-1.26064
11
11
-1.32632
12
11
-1.42789
13
11
-1.39471
14
11
-1.41116
15
11
-1.47711
16
11
-1.20514
17
11
-1.33211
18
11
-1.20404
19
11
-1.24844
20
11
-1.24495
21
11
-1.49099
22
11
-1.33298
23
11
-1.32477
24
11
-1.52962
25
11
-1.19314
26
11
-1.31543
27
11
-1.39962
28
11
-1.38076
29
11
-1.63654
30
11
-1.30318
31
11
-1.45445
32
11
-1.32332
33
11
-1.48796
34
11
-1.6895
35
11
-1.51064
36
11
-1.42193
37
11
-1.2739
38
11
-1.32499
39
11
-1.29692
40
11
-1.21712
41
11
-1.36815
42
11
-1.50203
43
11
-1.28885
44
11
-1.51896
45
11
-1.43192
46
11
-1.36353
47
11
-1.25984
48
11
-1.30226
49
11
-1.49349
50
11
-1.64765
51
11
-1.28311
52
11
-1.36657
0
12
-1.41719
1
12
-1.56697
2
12
-1.45817
3
12
-1.51315
4
12
-1.39134
5
12
-1.46222
6
12
-1.28588
7
12
-1.48288
8
12
-1.34148
9
12
-1.38626
10
12
-1.49806
11
12
-1.51256
12
12
-1.37505
13
12
-1.48841
14
12
-1.50993
15
12
-1.38898
16
12
-1.43956
17
12
-1.38488
18
12
-1.19356
19
12
-1.60262
20
12
-1.10158
21
12
-1.50624
22
12
-1.64235
23
12
-1.49806
24
12
-1.23087
25
12
-1.59846
26
12
-1.29981
27
12
-1.21816
28
12
-1.31117
29
12
-1.27174
30
12
-1.24317
31
12
-1.61644
32
12
-1.50518
33
12
-1.46856
34
12
-1.37219
35
12
-1.4674
36
12
-1.74605
37
12
-1.29454
38
12
-1.35519
39
12
-1.33305
40
12
-1.68445
41
12
-1.3692
42
12
-1.64615
43
12
-1.27042
44
12
-1.45229
45
12
-1.33094
46
12
-1.54523
47
12
-1.45253
48
12
-1.51109
49
12
-1.29635
50
12
-1.46215
51
12
-1.25607
52
12
-1.65549
0
13
-1.51142
1
13
-1.06192
2
13
-1.38703
3
13
-1.55731
4
13
-1.22647
5
13
-1.19971
6
13
-1.58054
7
13
-1.21261
8
13
-1.24955
9
13
-1.38174
10
13
-1.66357
11
13
-1.60518
12
13
-1.24355
13
13
-1.26211
14
13
-1.38286
15
13
-1.18435
16
13
-1.66385
17
13
-1.31281
18
13
-1.29855
19
13
-1.40594
20
13
-1.4545
21
13
-1.20411
22
13
-1.34773
23
13
-1.26107
24
13
-1.62971
25
13
-1.39291
26
13
-1.51785
27
13
-1.37981
28
13
-1.28148
29
13
-1.44045
30
13
-1.37195
31
13
-1.21511
32
13
-1.62792
33
13
-1.40403
34
13
-1.35549
35
13
-1.43463
36
13
-1.25829
37
13
-1.41512
38
13
-1.45712
39
13
-1.41058
40
13
-1.2098
41
13
-1.39437
42
13
-1.49694
43
13
-1.4034
44
13
-1.35272
45
13
-1.59405
46
13
-1.02575
47
13
-1.07192
48
13
-1.57497
49
13
-1.25255
50
13
-1.36962
51
13
-1.42135
52
13
-1.4301
0
14
-1.489
1
14
-1.27061
2
14
-1.24452
3
14
-1.30827
4
14
-1.55908
5
14
-1.35514
6
14
-1.43784
7
14
-0.816266
8
14
-1.37577
9
14
-1.42031
10
14
-1.60752
11
14
-1.25841
12
14
-0.880375
13
14
-1.36922
14
14
-1.30471
15
14
-1.35954
16
14
-1.46816
17
14
-1.17302
18
14
-1.41828
19
14
-1.28114
20
14
-1.39838
21
14
-1.6157
22
14
-1.50107
23
14
-1.43968
24
14
-1.24121
25
14
-1.3226
26
14
-1.56319
27
14
-1.34376
28
14
-1.40107
29
14
-1.75145
30
14
-1.37602
31
14
-1.2869
32
14
-1.53825
33
14
-1.33853
34
14
-1.18262
35
14
-1.4338
36
14
-1.25858
37
14
-1.31302
38
14
-1.30896
39
14
-1.27373
40
14
-1.63716
41
14
-1.32045
42
14
-1.25152
43
14
-1.13385
44
14
-1.4401
45
14
-1.29436
46
14
-1.34355
47
14
-1.40045
48
14
-1.62195
49
14
-1.46389
50
14
-1.66179
51
14
-1.58217
52
14
-1.31814
0
15
-1.3364
1
15
-1.16125
2
15
-1.41044
3
15
-1.40739
4
15
-1.29825
5
15
-1.36029
6
15
-1.32421
7
15
-1.41021
8
15
-1.38066
9
15
-1.32113
10
15
-1.33832
11
15
-1.52654
12
15
-1.5409
13
15
-1.3362
14
15
-1.39447
15
15
-1.25904
16
15
-1.62011
17
15
-1.35505
18
15
-1.53822
19
15
-1.27265
20
15
-1.3881
21
15
-1.29772
22
15
-1.35749
23
15
-1.43238
24
15
-1.33469
25
15
-1.41174
26
15
-1.24207
27
15
-1.47876
28
15
-1.30342
29
15
-1.21624
30
15
-1.26558
31
15
-1.6132
32
15
-1.44503
33
15
-1.28717
34
15
-1.08997
35
15
-1.3378
36
15
-1.62971
37
15
-1.31839
38
15
-1.40834
39
15
-1.45714
40
15
-1.58715
41
15
-1.37161
42
15
-1.23319
43
15
-1.27227
44
15
-1.6131
45
15
-1.2843
46
15
-1.22364
47
15
-1.38284
48
15
-1.435
49
15
-1.5916
50
15
-1.50231
51
15
-1.3076
52
15
-1.31105
0
16
-1.24866
1
16
-1.33091
2
16
-1.37382
3
16
-1.84002
4
16
-1.44779
5
16
-1.43381
6
16
-0.976292
7
16
-1.25173
8
16
-1.45177
9
16
-1.49604
10
16
-1.58873
11
16
-1.62163
12
16
-1.23125
13
16
-1.4328
14
16
-1.42242
15
16
-1.18452
16
16
-1.35168
17
16
-1.2205
18
16
-1.40848
19
16
-1.33116
20
16
-1.46444
21
16
-1.53524
22
16
-1.44759
23
16
-1.44148
24
16
-1.28878
25
16
-1.53794
26
16
-1.17284
27
16
-1.57021
28
16
-1.29152
29
16
-1.27354
30
16
-1.39017
31
16
-1.32947
32
16
-1.2538
33
16
-1.59131
34
16
-1.45497
35
16
-1.40539
36
16
-1.60222
37
16
-1.59732
38
16
-1.28264
39
16
-1.36696
40
16
-1.48352
41
16
-1.38188
42
16
-1.50852
43
16
-1.2067
44
16
-1.58842
45
16
-1.58807
46
16
-1.60885
47
16
-1.84936
48
16
-1.44996
49
16
-1.0581
50
16
-1.18839
51
16
-1.51514
52
16
-1.34267
0
17
-1.53087
1
17
-1.54452
2
17
-1.39071
3
17
-1.54633
4
17
-1.63296
5
17
-1.28986
6
17
-1.38245
7
17
-1.68369
8
17
-1.41518
9
17
-1.5688
10
17
-1.3162
11
17
-1.27215
12
17
-1.47792
13
17
-1.57976
14
17
-1.55406
15
17
-1.53058
16
17
-1.5822
17
17
-1.6086
18
17
-1.3402
19
17
-1.44143
20
17
-1.3353
21
17
-1.35561
22
17
-1.30474
23
17
-1.18784
24
17
-1.53854
25
17
-1.20539
26
17
-1.33529
27
17
-1.34861
28
17
-1.35867
29
17
-1.46343
30
17
-1.62609
31
17
-1.24418
32
17
-0.956731
33
17
-1.32026
34
17
-1.43636
35
17
-1.06771
36
17
-1.76491
37
17
-1.43988
38
17
-1.475
39
17
-1.39751
40
17
-1.53749
41
17
-1.34948
42
17
-1.2289
43
17
-1.39306
44
17
-1.45689
45
17
-1.50805
46
17
-1.48211
47
17
-1.52522
48
17
-1.46264
49
17
-0.71306
50
17
-1.38924
51
17
-1.31772
52
17
-1.48137
0
18
-1.38832
1
18
-1.36382
2
18
-1.38112
3
18
-1.44796
4
18
-1.66985
5
18
-1.35237
6
18
-1.52065
7
18
-1.50432
8
18
-1.54418
9
18
-1.28427
10
18
-1.32873
11
18
-1.38307
12
18
-1.27977
13
18
-1.69359
14
18
-1.23682
15
18
-1.47846
16
18
-1.22997
17
18
-1.58405
18
18
-1.34584
19
18
-1.52552
20
18
-1.662
21
18
-1.52886
22
18
-1.67806
23
18
-1.49923
24
18
-1.31308
25
18
-1.56274
26
18
-1.62654
27
18
-1.47731
28
18
-1.43157
29
18
-1.46786
30
18
-1.65292
31
18
-1.56487
32
18
-1.50846
33
18
-1.46593
34
18
-1.36457
35
18
-1.4761
36
18
-1.15017
37
18
-1.92111
38
18
-1.40768
39
18
-1.42216
40
18
-1.32859
41
18
-1.15538
42
18
-1.40346
43
18
-1.36784
44
18
-1.36427
45
18
-0.832376
46
18
-1.66464
47
18
-1.41707
48
18
-1.38531
49
18
-1.57131
50
18
-1.46268
51
18
-1.44904
52
18
-1.40207
0
19
-1.55048
1
19
-1.10414
2
19
-1.34981
3
19
-1.43925
4
19
-1.46928
5
19
-1.44672
6
19
-0.821719
7
19
-1.59322
8
19
-1.24684
9
19
-1.2541
10
19
-1.25481
11
19
-1.27302
12
19
-1.44536
13
19
-1.46825
14
19
-1.57291
15
19
-1.38478
16
19
-1.2884
17
19
-1.35315
18
19
-1.29764
19
19
-1.30733
20
19
-1.29324
21
19
-1.62877
22
19
-1.54236
23
19
-1.36926
24
19
-1.26744
25
19
-1.47307
26
19
-1.54052
27
19
-1.40695
28
19
-1.54988
29
19
-1.28322
30
19
-1.34526
31
19
-1.31711
32
19
-1.62128
33
19
-1.4097
34
19
-1.36078
35
19
-1.39631
36
19
-1.21282
37
19
-1.51661
38
19
-1.53695
39
19
-1.46142
40
19
-1.38837
41
19
-1.4865
42
19
-1.25854
43
19
-1.19457
44
19
-1.48694
45
19
-2.02765
46
19
-1.4274
47
19
-1.51173
48
19
-1.38596
49
19
-1.37345
50
19
-1.40476
51
19
-1.35082
52
19
-1.68276
0
20
-1.47969
1
20
-1.35533
2
20
-1.59973
3
20
-1.45392
4
20
-1.40774
5
20
-1.60248
6
20
-1.44071
7
20
-1.51701
8
20
-1.51997
9
20
-1.30581
10
20
-1.40116
11
20
-1.81803
12
20
-1.5646
13
20
-1.25386
14
20
-1.45559
15
20
-1.30165
16
20
-0.886153
17
20
-1.25073
18
20
-1.48231
19
20
-1.26827
20
20
-1.33167
21
20
-1.60169
22
20
-1.30438
23
20
-1.32437
24
20
-1.43149
25
20
-1.56775
26
20
-1.34361
27
20
-1.28007
28
20
-1.54583
29
20
-1.36422
30
20
-1.37181
31
20
-1.35626
32
20
-1.12313
33
20
-1.27192
34
20
-0.75307
35
20
-1.48159
36
20
-1.19143
37
20
-1.33557
38
20
-1.29077
39
20
-1.29493
40
20
-1.16636
41
20
-1.26661
42
20
-1.69131
43
20
-1.41802
44
20
-1.43238
45
20
-1.38082
46
20
-1.32676
47
20
-1.38997
48
20
-1.5739
49
20
-1.56535
50
20
-1.40106
51
20
-1.24432
52
20
-1.65891
0
21
-1.41014
1
21
-1.50934
2
21
-1.62495
3
21
-1.18962
4
21
-1.35451
5
21
-1.54792
6
21
-1.4973
7
21
-1.41046
8
21
-1.31039
9
21
-1.26847
10
21
-1.29058
11
21
-1.27675
12
21
-1.39119
13
21
-1.43451
14
21
-1.25135
15
21
-1.49578
16
21
-1.37689
17
21
-1.10327
18
21
-1.42421
19
21
-1.32425
20
21
-1.34508
21
21
-1.4766
22
21
-1.34368
23
21
-1.47404
24
21
-1.42154
25
21
-1.45594
26
21
-1.32943
27
21
-1.47894
28
21
-1.29779
29
21
-1.50833
30
21
-1.39523
31
21
-1.39892
32
21
-1.34243
33
21
-1.23893
34
21
-1.48716
35
21
-1.54605
36
21
-1.36746
37
21
-1.57951
38
21
-1.63067
39
21
-1.24902
40
21
-1.24087
41
21
-1.38682
42
21
-1.47648
43
21
-1.40664
44
21
-1.41285
45
21
-1.55109
46
21
-1.49303
47
21
-1.4157
48
21
-1.34615
49
21
-1.34362
50
21
-1.49344
51
21
-1.33366
52
21
-1.53222
0
22
-1.49521
1
22
-1.23141
2
22
-1.61118
3
22
-1.62372
4
22
-1.63312
5
22
-1.3796
6
22
-0.803929
7
22
-1.32548
8
22
-1.62884
9
22
-1.33481
10
22
-1.52864
11
22
-1.47027
12
22
-1.38999
13
22
-1.53349
14
22
-1.41423
15
22
-1.045
16
22
-1.41371
17
22
-1.17407
18
22
-1.5056
19
22
-1.50209
20
22
-1.33974
21
22
-1.51038
22
22
-1.5066
23
22
-1.03835
24
22
-1.54719
25
22
-1.30308
26
22
-1.37885
27
22
-1.39356
28
22
-1.2273
29
22
-1.63061
30
22
-1.34317
31
22
-1.39203
32
22
-1.24268
33
22
-1.30324
34
22
-1.49202
35
22
-1.38221
36
22
-1.43975
37
22
-1.53043
38
22
-1.4292
39
22
-1.44368
40
22
-1.45168
41
22
-1.26925
42
22
-1.32546
43
22
-1.38384
44
22
-1.28834
45
22
-1.30038
46
22
-1.63503
47
22
-1.35859
48
22
-1.50096
49
22
-1.33166
50
22
-1.46268
51
22
-1.23532
52
22
-1.46692
0
23
-1.28501
1
23
-1.2221
2
23
-1.27812
3
23
-1.42506
4
23
-1.2085
5
23
-1.41857
6
23
-1.36395
7
23
-1.52908
8
23
-1.30758
9
23
-1.34058
10
23
-1.31953
11
23
-1.36982
12
23
-1.13764
13
23
-1.38502
14
23
-1.37039
15
23
-1.51733
16
23
-1.30637
17
23
-1.43096
18
23
-1.26225
19
23
-1.4276
20
23
-1.3876
21
23
-1.59723
22
23
-1.43886
23
23
-1.32797
24
23
-1.2874
25
23
-1.4325
26
23
-1.48292
27
23
-1.37048
28
23
-1.20471
29
23
-1.56067
30
23
-1.33197
31
23
-1.2946
32
23
-1.5544
33
23
-1.46252
34
23
-1.35711
35
23
-1.52649
36
23
-1.22692
37
23
-1.32093
38
23
-1.50862
39
23
-1.70332
40
23
-1.32999
41
23
-1.45971
42
23
-1.44951
43
23
-1.52267
44
23
-1.45952
45
23
-1.35196
46
23
-1.36839
47
23
-1.22635
48
23
-1.40363
49
23
-1.25394
50
23
-1.33285
51
23
-1.60853
52
23
-1.05978
0
24
-0.716538
1
24
-1.29495
2
24
-1.51336
3
24
-1.33455
4
24
-1.45104
5
24
-1.21961
6
24
-1.16372
7
24
-1.21851
8
24
-1.43889
9
24
-1.27022
10
24
-1.38412
11
24
-1.63763
12
24
-1.35955
13
24
-1.30488
14
24
-1.30945
15
24
-1.47833
16
24
-1.32469
17
24
-1.41238
18
24
-1.51401
19
24
-1.54349
20
24
-1.53028
21
24
-1.34727
22
24
-1.54784
23
24
-1.33626
24
24
-1.43139
25
24
-1.53712
26
24
-1.23442
27
24
-1.38982
28
24
-1.54326
29
24
-1.45214
30
24
-1.34306
31
24
-1.47256
32
24
-1.33317
33
24
-1.53906
34
24
-1.65822
35
24
-1.53079
36
24
-1.32828
37
24
-1.49103
38
24
-1.44042
39
24
-1.47696
40
24
-1.55246
41
24
-1.50625
42
24
-1.54666
43
24
-1.77665
44
24
-1.3852
45
24
-1.25053
46
24
-1.56717
47
24
-1.31241
48
24
-1.30947
49
24
-1.44934
50
24
-1.3918
51
24
-1.42385
52
24
-1.46993
0
25
-1.31947
1
25
-1.66678
2
25
-1.56318
3
25
-1.41774
4
25
-1.24421
5
25
-1.31225
6
25
-1.3817
7
25
-1.59325
8
25
-1.36793
9
25
-1.50309
10
25
-1.3578
11
25
-1.31666
12
25
-1.18288
13
25
-1.34926
14
25
-0.853077
15
25
-1.20309
16
25
-1.42241
17
25
-1.42367
18
25
-1.42864
19
25
-1.66648
20
25
-1.40933
21
25
-1.21972
22
25
-1.45008
23
25
-1.28394
24
25
-1.59251
25
25
-1.61715
26
25
-1.33108
27
25
-1.20706
28
25
-1.33484
29
25
-1.43975
30
25
-1.22228
31
25
-1.57526
32
25
-1.28132
33
25
-1.41014
34
25
-1.38051
35
25
-1.48055
36
25
-1.69398
37
25
-1.3374
38
25
-1.53105
39
25
-1.34557
40
25
-1.45792
41
25
-1.36955
42
25
-1.31845
43
25
-1.40428
44
25
-1.46203
45
25
-1.60742
46
25
-1.37929
47
25
-1.5825
48
25
-1.4175
49
25
-1.47672
50
25
-1.31158
51
25
-1.40691
52
25
-1.3753
