0
0
-0.976944
1
0
-1.33631
2
0
-1.44308
3
0
-1.71584
4
0
-1.52532
5
0
-1.64907
6
0
-1.12693
7
0
-1.23914
8
0
-1.42097
9
0
-1.27726
10
0
-1.34312
11
0
-1.25563
12
0
-1.30174
13
0
-1.28537
14
0
-1.9649
15
0
-1.61966
16
0
-1.10642
17
0
-1.13127
18
0
-1.14238
19
0
-1.33438
20
0
-1.07532
21
0
-1.48696
22
0
-1.69239
23
0
-1.37125
24
0
-1.46409
25
0
-1.41564
26
0
-1.46049
27
0
-1.2721
28
0
-1.45298
29
0
-1.37621
30
0
-1.22686
31
0
-1.26207
32
0
-1.36531
33
0
-1.49224
34
0
-1.2021
35
0
-1.39897
36
0
-1.38819
37
0
-1.21471
38
0
-1.62238
39
0
-1.3297
40
0
-1.54262
41
0
-1.34975
42
0
-1.52586
43
0
-1.56757
44
0
-0.688724
45
0
-1.39545
46
0
-1.48883
47
0
-1.20886
48
0
-1.25155
49
0
-1.3516
50
0
-1.39361
51
0
-1.40744
52
0
-1.50779
0
1
-1.33525
1
1
-0.885409
2
1
-1.32099
3
1
-1.40003
4
1
-1.45912
5
1
-1.53189
6
1
-1.23909
7
1
-1.69402
8
1
-1.36337
9
1
-1.57948
10
1
-1.42235
11
1
-1.69271
12
1
-1.19412
13
1
-1.42559
14
1
-1.42151
15
1
-1.41083
16
1
-0.81328
17
1
-0.589446
18
1
-1.18924
19
1
-1.50712
20
1
-1.46083
21
1
-1.31285
22
1
-1.46332
23
1
-1.26402
24
1
-0.847193
25
1
-1.47897
26
1
-1.6138
27
1
-1.22835
28
1
-1.21967
29
1
-1.38425
30
1
-1.56476
31
1
-1.33798
32
1
-1.19878
33
1
-1.23273
34
1
-1.52612
35
1
-1.96476
36
1
-1.41018
37
1
-1.51342
38
1
-1.55348
39
1
-1.11826
40
1
-1.43437
41
1
-1.09784
42
1
-1.53946
43
1
-1.50736
44
1
-1.19674
45
1
-1.45111
46
1
-1.2739
47
1
-1.49119
48
1
-1.39781
49
1
-1.54889
50
1
-1.39378
51
1
-1.28615
52
1
-0.841768
0
2
-1.29442
1
2
-1.23962
2
2
-1.58689
3
2
-1.0641
4
2
-1.62938
5
2
-1.48365
6
2
-1.29444
7
2
-1.34273
8
2
-1.21192
9
2
-1.28306
10
2
-0.809231
11
2
-1.43759
12
2
-1.6768
13
2
-1.2416
14
2
-1.38459
15
2
-1.33513
16
2
-1.32686
17
2
-1.58001
18
2
-1.42613
19
2
-1.08774
20
2
-1.04007
21
2
-0.830123
22
2
-1.17918
23
2
-1.25845
24
2
-1.30863
25
2
-1.43727
26
2
-0.876352
27
2
-1.32883
28
2
-1.33272
29
2
-0.958998
30
2
-1.41986
31
2
-1.35173
32
2
-1.13065
33
2
-1.502
34
2
-1.31004
35
2
-1.49297
36
2
-1.37166
37
2
-1.32128
38
2
-1.22372
39
2
-1.2816
40
2
-1.47808
41
2
-1.20601
42
2
-1.76087
43
2
-1.37018
44
2
-1.19123
45
2
-1.53038
46
2
-1.20365
47
2
-1.21882
48
2
-1.13995
49
2
-1.32335
50
2
-0.94788
51
2
-1.15751
52
2
-1.30293
0
3
-1.40731
1
3
-1.30481
2
3
-1.62965
3
3
-1.0637
4
3
-1.04867
5
3
-0.913847
6
3
-1.37452
7
3
-1.37358
8
3
-1.53325
9
3
-1.25113
10
3
-1.23173
11
3
-1.53676
12
3
-1.11115
13
3
-1.48821
14
3
-1.28024
15
3
-1.41288
16
3
-1.59468
17
3
-1.05504
18
3
-1.20338
19
3
-1.16866
20
3
-1.57384
21
3
-1.41081
22
3
-1.23078
23
3
-0.80079
24
3
-1.36675
25
3
-1.3466
26
3
-1.63707
27
3
-1.21823
28
3
-1.32804
29
3
-1.51157
30
3
-1.1379
31
3
-1.15865
32
3
-1.31613
33
3
-1.16712
34
3
-1.31933
35
3
-1.20819
36
3
-1.22604
37
3
-1.45726
38
3
-1.35754
39
3
-1.27278
40
3
-1.64842
41
3
-1.31272
42
3
-1.55026
43
3
-1.18234
44
3
-1.23643
45
3
-1.23843
46
3
-1.49059
47
3
-1.30868
48
3
-1.36012
49
3
-1.26872
50
3
-1.49198
51
3
-1.2767
52
3
-1.37303
0
4
-1.36448
1
4
-1.14692
2
4
-1.51877
3
4
-1.61683
4
4
-1.36095
5
4
-1.46661
6
4
-1.67894
7
4
-1.25553
8
4
-1.60404
9
4
-1.36841
10
4
-1.40322
11
4
-1.4265
12
4
-1.31715
13
4
-1.66619
14
4
-1.30049
15
4
-1.39685
16
4
-0.638188
17
4
-1.33129
18
4
-1.25568
19
4
-1.16964
20
4
-1.30925
21
4
-1.25191
22
4
-1.15141
23
4
-1.35809
24
4
-1.14609
25
4
-1.61025
26
4
-1.32072
27
4
-1.56704
28
4
-1.29472
29
4
-1.28262
30
4
-1.29194
31
4
-1.23488
32
4
-1.32118
33
4
-1.52332
34
4
-1.26131
35
4
-1.32227
36
4
-1.42974
37
4
-1.70451
38
4
-1.61332
39
4
-0.997323
40
4
-1.12924
41
4
-1.09199
42
4
-1.41333
43
4
-0.893727
44
4
-1.48498
45
4
-0.748528
46
4
-1.49341
47
4
-1.35122
48
4
-1.32774
49
4
-1.30309
50
4
-1.30935
51
4
-1.27722
52
4
-1.3654
0
5
-1.176
1
5
-0.891527
2
5
-1.43724
3
5
-1.58785
4
5
-1.46216
5
5
-1.55843
6
5
-1.41062
7
5
-1.3056
8
5
-1.46227
9
5
-1.38804
10
5
-1.2092
11
5
-1.35619
12
5
-1.44101
13
5
-1.21258
14
5
-1.13078
15
5
-0.922345
16
5
-1.31143
17
5
-1.49432
18
5
-1.31433
19
5
-1.26769
20
5
-1.23078
21
5
-1.44906
22
5
-1.19684
23
5
-1.30126
24
5
-1.51338
25
5
-1.39826
26
5
-1.34338
27
5
-1.36025
28
5
-1.27116
29
5
-1.25624
30
5
-1.00984
31
5
-1.54377
32
5
-1.32682
33
5
-1.27751
34
5
-0.947322
35
5
-1.39378
36
5
-1.38983
37
5
-1.49208
38
5
-1.36837
39
5
-1.30281
40
5
-1.13552
41
5
-1.46905
42
5
-1.35058
43
5
-1.29847
44
5
-1.3268
45
5
-1.07434
46
5
-1.23439
47
5
-1.41824
48
5
-1.32975
49
5
-1.37772
50
5
-1.77891
51
5
-1.40153
52
5
-1.99729
0
6
-1.44512
1
6
-1.5308
2
6
-1.3786
3
6
-1.25301
4
6
-1.15067
5
6
-1.56894
6
6
-1.50379
7
6
-1.31984
8
6
-1.44358
9
6
-1.29693
10
6
-1.28378
11
6
-1.36883
12
6
-1.435
13
6
-1.14658
14
6
-0.551069
15
6
-1.31676
16
6
-1.44806
17
6
-1.51222
18
6
-1.43194
19
6
-1.35903
20
6
-1.13913
21
6
-1.39592
22
6
-1.44884
23
6
-1.34439
24
6
-1.44527
25
6
-1.36234
26
6
-1.31031
27
6
-1.10502
28
6
-1.41774
29
6
-1.3488
30
6
-1.2433
31
6
-1.34218
32
6
-1.35682
33
6
-1.32772
34
6
-1.27656
35
6
-1.2264
36
6
-1.68634
37
6
-1.23081
38
6
-1.52666
39
6
-1.34829
40
6
-1.08033
41
6
-1.40104
42
6
-1.23533
43
6
-1.1639
44
6
-1.92863
45
6
-1.22833
46
6
-1.3558
47
6
-1.71102
48
6
-1.52434
49
6
-1.49253
50
6
-1.27414
51
6
-1.38464
52
6
-1.52862
0
7
-1.27205
1
7
-0.673079
2
7
-1.37348
3
7
-1.25024
4
7
-1.24414
5
7
-1.33398
6
7
-1.36346
7
7
-1.41495
8
7
-1.4654
9
7
-1.43953
10
7
-1.32847
11
7
-1.83691
12
7
-0.957069
13
7
-1.52029
14
7
-1.2193
15
7
-1.40043
16
7
-1.36309
17
7
-1.57765
18
7
-1.67659
19
7
-1.34878
20
7
-1.49809
21
7
-1.40069
22
7
-1.38434
23
7
-1.46801
24
7
-1.28502
25
7
-1.40167
26
7
-1.37687
27
7
-1.31945
28
7
-1.45725
29
7
-1.33429
30
7
-1.34571
31
7
-1.75366
32
7
-1.56245
33
7
-1.35329
34
7
-1.2838
35
7
-1.23561
36
7
-1.6809
37
7
-1.46383
38
7
-1.28439
39
7
-1.39994
40
7
-1.42948
41
7
-1.29348
42
7
-1.32623
43
7
-1.43538
44
7
-1.69193
45
7
-1.24246
46
7
-1.15276
47
7
-1.43727
48
7
-1.45103
49
7
-1.10117
50
7
-1.28495
51
7
-1.56654
52
7
-1.18834
0
8
-1.26482
1
8
-1.18532
2
8
-1.30675
3
8
-1.47725
4
8
-1.31727
5
8
-1.02784
6
8
-1.35236
7
8
-1.49887
8
8
-1.29998
9
8
-1.47133
10
8
-1.6184
11
8
-1.4301
12
8
-1.24933
13
8
-1.20912
14
8
-1.46489
15
8
-1.2766
16
8
-1.3094
17
8
-1.37414
18
8
-1.28875
19
8
-1.08398
20
8
-1.10186
21
8
-1.34539
22
8
-1.39882
23
8
-1.41086
24
8
-1.23474
25
8
-1.63242
26
8
-1.40312
27
8
-0.762308
28
8
-1.28168
29
8
-1.47877
30
8
-1.2498
31
8
-2.14856
32
8
-1.27495
33
8
-1.20696
34
8
-1.29163
35
8
-1.29994
36
8
-1.31285
37
8
-1.52162
38
8
-1.13632
39
8
-1.44529
40
8
-1.0587
41
8
-1.36249
42
8
-1.42073
43
8
-1.51045
44
8
-1.42932
45
8
-1.5002
46
8
-0.941623
47
8
-1.67858
48
8
-1.36662
49
8
-1.40091
50
8
-1.19585
51
8
-1.40607
52
8
-0.861996
0
9
-1.30199
1
9
-1.22391
2
9
-1.41223
3
9
-1.12525
4
9
-1.41033
5
9
-1.21062
6
9
-1.34724
7
9
-1.36146
8
9
-1.39727
9
9
-1.38435
10
9
-1.24903
11
9
-1.44855
12
9
-1.3625
13
9
-1.21504
14
9
-1.19994
15
9
-1.36115
16
9
-0.9041
17
9
-1.16669
18
9
-1.06916
19
9
-1.31527
20
9
-2.06965
21
9
-1.60485
22
9
-1.30723
23
9
-0.685476
24
9
-1.27806
25
9
-1.58161
26
9
-1.27822
27
9
-1.49216
28
9
-0.762692
29
9
-1.3324
30
9
-1.17155
31
9
-1.47567
32
9
-1.29288
33
9
-1.18982
34
9
-2.09286
35
9
-1.32205
36
9
-1.48145
37
9
-1.26837
38
9
-1.59719
39
9
-1.32672
40
9
-1.40683
41
9
-1.33275
42
9
-1.3932
43
9
-1.52555
44
9
-1.25587
45
9
-1.53447
46
9
-1.23796
47
9
-1.29818
48
9
-1.35381
49
9
-1.39514
50
9
-1.23327
51
9
-1.2628
52
9
-1.2901
0
10
-1.26914
1
10
-1.71907
2
10
-1.62874
3
10
-1.27367
4
10
-1.19
5
10
-2.20718
6
10
-1.73462
7
10
-1.63248
8
10
-1.40704
9
10
-1.28681
10
10
-1.58767
11
10
-0.964665
12
10
-1.54248
13
10
-1.35526
14
10
-1.50877
15
10
-1.39152
16
10
-1.07565
17
10
-1.58866
18
10
-1.57981
19
10
-0.676179
20
10
-1.56246
21
10
-1.43678
22
10
-1.26492
23
10
-1.36163
24
10
-1.33805
25
10
-1.48464
26
10
-1.47346
27
10
-1.32898
28
10
-1.44292
29
10
-1.63179
30
10
-1.32096
31
10
-1.34243
32
10
-1.36512
33
10
-1.13881
34
10
-1.29135
35
10
-1.21511
36
10
-1.46031
37
10
-1.80502
38
10
-1.05596
39
10
-0.906247
40
10
-1.31031
41
10
-1.10462
42
10
-1.29038
43
10
-1.21962
44
10
-1.53866
45
10
-1.50644
46
10
-1.32259
47
10
-1.23462
48
10
-1.14219
49
10
-1.20611
50
10
-1.43807
51
10
-0.944616
52
10
-1.26339
0
11
-1.20955
1
11
-1.10779
2
11
-1.33125
3
11
-1.33383
4
11
-0.894256
5
11
-1.34018
6
11
-0.976329
7
11
-1.36922
8
11
-1.17782
9
11
-1.33244
10
11
-1.49303
11
11
-1.50924
12
11
-1.19121
13
11
-1.22439
14
11
-1.45674
15
11
-1.31457
16
11
-1.64454
17
11
-1.41097
18
11
-1.47779
19
11
-1.38169
20
11
-1.23033
21
11
-2.07123
22
11
-1.26689
23
11
-1.30033
24
11
-0.927998
25
11
-1.50568
26
11
-1.15726
27
11
-1.39591
28
11
-1.32577
29
11
-1.11132
30
11
-0.631134
31
11
-1.20298
32
11
-1.15508
33
11
-1.36962
34
11
-1.29816
35
11
-1.23837
36
11
-1.46629
37
11
-1.34887
38
11
-1.25004
39
11
-1.15609
40
11
-1.12588
41
11
-1.15018
42
11
-1.40332
43
11
-1.21354
44
11
-1.16107
45
11
-1.1326
46
11
-1.46105
47
11
-1.22832
48
11
-1.38962
49
11
-1.44031
50
11
-1.45556
51
11
-1.27935
52
11
-1.51977
0
12
-1.35977
1
12
-1.40429
2
12
-0.689429
3
12
-1.36907
4
12
-1.34144
5
12
-1.18118
6
12
-1.4498
7
12
-1.53134
8
12
-1.29584
9
12
-1.03896
10
12
-1.17614
11
12
-1.13542
12
12
-1.63568
13
12
-1.32973
14
12
-1.14175
15
12
-1.25161
16
12
-0.883287
17
12
-1.28356
18
12
-1.27016
19
12
-1.38996
20
12
-1.37989
21
12
-1.25793
22
12
-1.1418
23
12
-1.29118
24
12
-1.10716
25
12
-1.37846
26
12
-1.69569
27
12
-1.39892
28
12
-2.19817
29
12
-1.37468
30
12
-0.899214
31
12
-1.01471
32
12
-1.38271
33
12
-0.96355
34
12
-1.48356
35
12
-1.43587
36
12
-1.09495
37
12
-0.992066
38
12
-1.44035
39
12
-1.40475
40
12
-1.23738
41
12
-1.20962
42
12
-1.40625
43
12
-0.832804
44
12
-1.56016
45
12
-1.16177
46
12
-1.3712
47
12
-1.34151
48
12
-1.33808
49
12
-1.47937
50
12
-1.67625
51
12
-1.58251
52
12
-1.53678
0
13
-0.893461
1
13
-1.24108
2
13
-1.34029
3
13
-1.20018
4
13
-0.877303
5
13
-1.41168
6
13
-1.227
7
13
-1.51077
8
13
-1.30154
9
13
-1.293
10
13
-1.27117
11
13
-1.39141
12
13
-1.39209
13
13
-1.53441
14
13
-1.23407
15
13
-1.21519
16
13
-1.52606
17
13
-1.06199
18
13
-1.51707
19
13
-1.34676
20
13
-1.22212
21
13
-1.2984
22
13
-1.23634
23
13
-1.13173
24
13
-1.80188
25
13
-1.47359
26
13
-1.50455
27
13
-1.22577
28
13
-1.25567
29
13
-1.19749
30
13
-1.47303
31
13
-1.23616
32
13
-0.836391
33
13
-1.32389
34
13
-1.31742
35
13
-1.35744
36
13
-1.13209
37
13
-1.58292
38
13
-1.38704
39
13
-1.0623
40
13
-1.55582
41
13
-2.10279
42
13
-1.13457
43
13
-1.07038
44
13
-1.72925
45
13
-1.25505
46
13
-1.28006
47
13
-1.3628
48
13
-1.27943
49
13
-1.40716
50
13
-1.21819
51
13
-1.17934
52
13
-1.34675
0
14
-1.13996
1
14
-1.39824
2
14
-0.818874
3
14
-1.47278
4
14
-1.48815
5
14
-1.41515
6
14
-1.30711
7
14
-1.42523
8
14
-1.19485
9
14
-1.16114
10
14
-1.17067
11
14
-1.19677
12
14
-1.25932
13
14
-1.27456
14
14
-0.588455
15
14
-1.64243
16
14
-1.45
17
14
-1.45336
18
14
-1.50062
19
14
-1.19713
20
14
-1.27785
21
14
-1.4889
22
14
-1.4072
23
14
-1.28436
24
14
-1.36575
25
14
-1.2985
26
14
-1.30755
27
14
-1.5482
28
14
-0.81965
29
14
-1.12189
30
14
-1.31108
31
14
-1.31837
32
14
-1.57491
33
14
-1.37622
34
14
-0.70423
35
14
-1.18397
36
14
-1.51825
37
14
-0.986889
38
14
-1.52933
39
14
-1.40586
40
14
-1.09447
41
14
-1.34343
42
14
-1.05979
43
14
-1.23423
44
14
-1.25164
45
14
-1.23618
46
14
-1.4186
47
14
-1.40959
48
14
-1.68003
49
14
-1.10245
50
14
-1.2098
51
14
-1.31939
52
14
-1.34388
0
15
-0.764615
1
15
-1.38056
2
15
-1.422
3
15
-1.05058
4
15
-1.51089
5
15
-1.37219
6
15
-1.34117
7
15
-1.36204
8
15
-1.29519
9
15
-0.636325
10
15
-1.35291
11
15
-1.23926
12
15
-1.36809
13
15
-1.26968
14
15
-1.26833
15
15
-1.49526
16
15
-0.993462
17
15
-1.24546
18
15
-1.27862
19
15
-1.03142
20
15
-1.36291
21
15
-1.15571
22
15
-1.05616
23
15
-1.80754
24
15
-1.47217
25
15
-0.865665
26
15
-1.60048
27
15
-1.24085
28
15
-1.69758
29
15
-0.985338
30
15
-1.46502
31
15
-0.777257
32
15
-1.27686
33
15
-1.46108
34
15
-1.41103
35
15
-1.03111
36
15
-1.31273
37
15
-1.4522
38
15
-1.50962
39
15
-1.39552
40
15
-1.33342
41
15
-1.44429
42
15
-1.56286
43
15
-1.06836
44
15
-1.35934
45
15
-1.27026
46
15
-1.19268
47
15
-0.7457
48
15
-1.39707
49
15
-1.11385
50
15
-1.31777
51
15
-1.26538
52
15
-1.32789
0
16
-1.53845
1
16
-1.17421
2
16
-1.1726
3
16
-1.48273
4
16
-1.36242
5
16
-1.69354
6
16
-1.07404
7
16
-1.31648
8
16
-0.958168
9
16
-0.990799
10
16
-1.47973
11
16
-1.2192
12
16
-1.94554
13
16
-1.30023
14
16
-1.45586
15
16
-1.40837
16
16
-1.31673
17
16
-1.33644
18
16
-1.27267
19
16
-1.10919
20
16
-1.43689
21
16
-0.734616
22
16
-1.46481
23
16
-1.32065
24
16
-1.18706
25
16
-1.16928
26
16
-1.43308
27
16
-1.43844
28
16
-1.32051
29
16
-1.4467
30
16
-1.1382
31
16
-1.06802
32
16
-1.28677
33
16
-2.22749
34
16
-1.46467
35
16
-1.0073
36
16
-1.88698
37
16
-1.33609
38
16
-1.34168
39
16
-1.4375
40
16
-1.23162
41
16
-1.47699
42
16
-0.99591
43
16
-1.065
44
16
-1.24409
45
16
-1.33049
46
16
-1.39619
47
16
-1.25603
48
16
-1.53445
49
16
-1.49017
50
16
-1.34137
51
16
-1.59374
52
16
-0.749803
0
17
-1.30952
1
17
-1.39914
2
17
-1.26543
3
17
-1.53062
4
17
-1.26118
5
17
-1.20153
6
17
-1.11887
7
17
-1.15337
8
17
-1.35281
9
17
-1.58098
10
17
-1.29616
11
17
-1.41985
12
17
-1.4354
13
17
-1.53707
14
17
-1.40851
15
17
-0.738096
16
17
-1.30206
17
17
-1.30628
18
17
-1.39793
19
17
-1.59501
20
17
-1.07088
21
17
-1.30901
22
17
-1.15455
23
17
-1.53303
24
17
-1.49642
25
17
-1.20759
26
17
-1.60002
27
17
-0.954497
28
17
-1.26594
29
17
-1.23456
30
17
-1.71668
31
17
-1.49503
32
17
-1.3702
33
17
-1.49216
34
17
-1.10392
35
17
-1.38377
36
17
-1.04921
37
17
-1.43993
38
17
-0.946295
39
17
-1.32579
40
17
-1.28087
41
17
-1.39576
42
17
-1.28129
43
17
-1.31938
44
17
-1.30496
45
17
-1.58409
46
17
-0.985947
47
17
-1.44359
48
17
-1.47308
49
17
-1.20954
50
17
-1.31454
51
17
-1.34556
52
17
-1.24881
0
18
-1.46039
1
18
-1.2758
2
18
-1.55872
3
18
-1.21882
4
18
-1.43137
5
18
-1.24824
6
18
-1.30681
7
18
-1.349
8
18
-1.34888
9
18
-1.11519
10
18
-1.30348
11
18
-1.4863
12
18
-1.56339
13
18
-1.15981
14
18
-1.57134
15
18
-1.46559
16
18
-1.10567
17
18
-1.53333
18
18
-1.0399
19
18
-1.24533
20
18
-1.44421
21
18
-1.31693
22
18
-1.26307
23
18
-1.48691
24
18
-1.3473
25
18
-1.33094
26
18
-1.26292
27
18
-1.75953
28
18
-1.30889
29
18
-0.768702
30
18
-0.930519
31
18
-1.33992
32
18
-1.3628
33
18
-1.45911
34
18
-1.53471
35
18
-1.53038
36
18
-1.34457
37
18
-1.56848
38
18
-0.645385
39
18
-1.20537
40
18
-1.10747
41
18
-1.36296
42
18
-0.777853
43
18
-1.37365
44
18
-1.09685
45
18
-1.2035
46
18
-1.35479
47
18
-1.21424
48
18
-1.34534
49
18
-1.53352
50
18
-1.09452
51
18
-1.10404
52
18
-1.57081
0
19
-1.35828
1
19
-1.42036
2
19
-1.33052
3
19
-1.35427
4
19
-1.229
5
19
-1.2099
6
19
-1.41528
7
19
-1.57142
8
19
-1.26242
9
19
-1.06636
10
19
-1.24103
11
19
-1.63089
12
19
-1.48713
13
19
-1.74752
14
19
-1.51466
15
19
-1.6249
16
19
-1.35922
17
19
-0.803069
18
19
-1.31019
19
19
-1.53112
20
19
-0.58923
21
19
-1.13445
22
19
-1.12631
23
19
-1.32996
24
19
-1.39023
25
19
-0.946514
26
19
-1.08759
27
19
-1.42876
28
19
-1.21481
29
19
-1.4362
30
19
-1.47192
31
19
-1.13581
32
19
-1.21966
33
19
-1.16398
34
19
-1.34455
35
19
-1.21658
36
19
-1.60199
37
19
-1.19058
38
19
-1.20933
39
19
-1.30249
40
19
-1.97705
41
19
-1.54347
42
19
-1.24427
43
19
-1.06038
44
19
-1.28063
45
19
-1.32756
46
19
-1.13108
47
19
-1.32083
48
19
-0.768349
49
19
-1.31661
50
19
-1.22498
51
19
-1.31027
52
19
-1.35203
0
20
-1.39558
1
20
-1.2664
2
20
-1.66667
3
20
-1.42187
4
20
-1.41442
5
20
-1.63955
6
20
-1.33667
7
20
-1.57633
8
20
-1.63637
9
20
-1.23442
10
20
-1.02669
11
20
-0.583077
12
20
-1.07832
13
20
-1.02625
14
20
-1.32236
15
20
-1.52635
16
20
-1.57295
17
20
-0.718461
18
20
-1.4162
19
20
-1.2652
20
20
-1.33287
21
20
-1.35971
22
20
-0.661534
23
20
-1.23459
24
20
-1.35418
25
20
-1.22213
26
20
-1.33629
27
20
-0.675447
28
20
-1.22967
29
20
-1.48324
30
20
-0.863821
31
20
-1.20324
32
20
-0.934398
33
20
-0.983134
34
20
-1.06715
35
20
-1.78686
36
20
-1.16181
37
20
-0.931121
38
20
-1.17473
39
20
-1.28654
40
20
-1.36533
41
20
-1.38796
42
20
-1.34018
43
20
-1.24144
44
20
-1.30537
45
20
-1.23115
46
20
-1.37673
47
20
-1.38697
48
20
-1.39906
49
20
-1.25365
50
20
-1.25865
51
20
-1.67861
52
20
-1.0709
0
21
-1.56763
1
21
-2.44019
2
21
-2.01963
3
21
-1.35918
4
21
-1.29582
5
21
-1.64623
6
21
-1.39161
7
21
-1.4844
8
21
-1.30695
9
21
-1.39125
10
21
-1.34193
11
21
-1.16586
12
21
-1.21981
13
21
-1.34634
14
21
-1.37474
15
21
-1.32172
16
21
-1.42413
17
21
-1.24634
18
21
-1.51245
19
21
-1.51691
20
21
-1.15254
21
21
-1.07905
22
21
-1.17422
23
21
-1.36307
24
21
-1.19902
25
21
-1.59347
26
21
-1.44552
27
21
-1.41566
28
21
-1.44057
29
21
-1.22759
30
21
-1.53812
31
21
-1.23813
32
21
-1.42106
33
21
-1.38619
34
21
-1.20865
35
21
-1.4602
36
21
-1.3681
37
21
-1.41756
38
21
-1.51038
39
21
-1.45456
40
21
-1.49405
41
21
-1.14961
42
21
-1.42607
43
21
-1.41148
44
21
-1.51542
45
21
-1.51259
46
21
-0.719616
47
21
-1.45166
48
21
-1.05172
49
21
-1.70124
50
21
-1.43875
51
21
-1.26021
52
21
-1.54781
0
22
-1.27115
1
22
-1.28343
2
22
-1.40502
3
22
-0.998449
4
22
-1.39662
5
22
-1.39384
6
22
-1.46376
7
22
-1.67255
8
22
-1.31165
9
22
-1.30115
10
22
-1.05922
11
22
-1.43178
12
22
-1.14929
13
22
-1.00595
14
22
-1.51127
15
22
-1.07692
16
22
-0.727591
17
22
-1.04032
18
22
-1.19218
19
22
-1.22942
20
22
-1.33473
21
22
-1.45749
22
22
-1.71392
23
22
-1.29995
24
22
-1.32037
25
22
-1.61556
26
22
-0.785224
27
22
-1.28029
28
22
-1.4237
29
22
-1.00135
30
22
-1.24727
31
22
-1.24662
32
22
-1.26057
33
22
-1.35175
34
22
-1.16946
35
22
-1.43803
36
22
-1.23773
37
22
-1.35368
38
22
-0.791154
39
22
-1.28291
40
22
-1.21719
41
22
-1.24957
42
22
-1.22655
43
22
-1.86444
44
22
-1.36321
45
22
-1.22292
46
22
-1.2509
47
22
-1.67673
48
22
-1.25505
49
22
-1.32279
50
22
-1.33825
51
22
-1.33329
52
22
-1.18663
0
23
-1.5039
1
23
-1.40797
2
23
-1.56783
3
23
-1.07004
4
23
-0.88435
5
23
-1.77183
6
23
-1.47711
7
23
-1.23831
8
23
-1.43897
9
23
-1.47966
10
23
-0.82191
11
23
-0.993827
12
23
-0.95972
13
23
-1.34138
14
23
-1.00173
15
23
-1.43267
16
23
-1.43895
17
23
-0.814799
18
23
-1.06081
19
23
-1.14497
20
23
-1.21196
21
23
-1.45789
22
23
-1.24812
23
23
-1.46281
24
23
-1.54828
25
23
-0.758829
26
23
-1.34223
27
23
-1.16981
28
23
-1.43673
29
23
-1.35425
30
23
-1.18988
31
23
-1.2924
32
23
-1.40187
33
23
-1.01716
34
23
-1.44856
35
23
-1.4246
36
23
-1.43522
37
23
-1.57324
38
23
-1.08
39
23
-0.64384
40
23
-1.31183
41
23
-1.29009
42
23
-1.3576
43
23
-1.16243
44
23
-1.14712
45
23
-1.38727
46
23
-1.23384
47
23
-1.23767
48
23
-1.33804
49
23
-1.21542
50
23
-1.23702
51
23
-0.896328
52
23
-1.29072
0
24
-1.62166
1
24
-1.49507
2
24
-1.14169
3
24
-1.39961
4
24
-1.12023
5
24
-1.29952
6
24
-1.21019
7
24
-1.29584
8
24
-1.14908
9
24
-1.17077
10
24
-1.43874
11
24
-1.11857
12
24
-1.44081
13
24
-1.34858
14
24
-1.14486
15
24
-1.25653
16
24
-1.22961
17
24
-1.32423
18
24
-1.37461
19
24
-0.684981
20
24
-1.52784
21
24
-1.08315
22
24
-1.32121
23
24
-1.33916
24
24
-1.05412
25
24
-1.17614
26
24
-1.68904
27
24
-0.749142
28
24
-0.824582
29
24
-1.41798
30
24
-1.55767
31
24
-1.40769
32
24
-1.4
33
24
-0.851949
34
24
-1.53608
35
24
-1.22731
36
24
-1.23175
37
24
-1.14165
38
24
-1.34105
39
24
-1.3602
40
24
-1.29605
41
24
-1.3819
42
24
-1.29855
43
24
-1.23062
44
24
-1.64128
45
24
-1.40685
46
24
-1.36934
47
24
-1.27293
48
24
-1.41413
49
24
-1.22855
50
24
-1.45503
51
24
-0.704616
52
24
-1.03279
0
25
-1.06276
1
25
-1.2459
2
25
-1.36307
3
25
-1.62799
4
25
-1.42132
5
25
-1.37991
6
25
-1.30083
7
25
-1.28767
8
25
-1.16045
9
25
-1.28767
10
25
-1.15327
11
25
-1.22394
12
25
-1.34725
13
25
-1.14415
14
25
-1.05308
15
25
-1.4181
16
25
-1.30401
17
25
-1.27497
18
25
-1.07531
19
25
-1.45505
20
25
-0.990518
21
25
-1.32012
22
25
-0.657884
23
25
-1.14548
24
25
-1.26706
25
25
-1.39892
26
25
-1.32329
27
25
-1.25615
28
25
-1.65457
29
25
-1.43793
30
25
-1.26013
31
25
-1.21579
32
25
-1.17647
33
25
-1.42259
34
25
-1.10596
35
25
-0.992745
36
25
-1.3623
37
25
-1.21813
38
25
-1.49037
39
25
-1.26736
40
25
-1.44539
41
25
-1.26217
42
25
-1.29464
43
25
-0.848536
44
25
-1.46306
45
25
-1.60236
46
25
-1.31577
47
25
-1.16836
48
25
-1.15892
49
25
-1.11787
50
25
-1.23086
51
25
-1.07096
52
25
-1.32427
