0
0
-1.26329
1
0
-1.1812
2
0
-1.43702
3
0
-1.17616
4
0
-1.3639
5
0
-1.28037
6
0
-1.31253
7
0
-1.26287
8
0
-1.1315
9
0
-1.24744
10
0
-1.20621
11
0
-1.41196
12
0
-1.32158
13
0
-1.33819
14
0
-1.0998
15
0
-1.39767
16
0
-1.2757
17
0
-1.26073
18
0
-1.15677
19
0
-1.15464
20
0
-1.37761
21
0
-1.19485
22
0
-1.27783
23
0
-1.31489
24
0
-1.22362
25
0
-1.3485
26
0
-1.14985
27
0
-1.24113
28
0
-1.178
29
0
-1.20304
30
0
-1.1684
31
0
-1.26575
32
0
-1.30323
33
0
-1.18894
34
0
-1.24936
35
0
-1.33299
36
0
-1.26444
37
0
-1.12917
38
0
-1.18256
39
0
-1.30422
40
0
-1.35193
41
0
-1.28476
42
0
-1.27279
43
0
-1.20807
44
0
-1.14907
45
0
-1.23195
46
0
-1.19801
47
0
-1.22944
48
0
-1.3545
49
0
-1.1596
50
0
-1.23156
51
0
-1.09229
52
0
-1.28807
0
1
-1.40923
1
1
-1.13618
2
1
-1.2614
3
1
-1.38179
4
1
-1.14706
5
1
-1.24215
6
1
-1.45597
7
1
-1.19869
8
1
-1.30871
9
1
-1.34223
10
1
-1.19319
11
1
-1.18683
12
1
-1.17611
13
1
-1.27192
14
1
-1.24353
15
1
-1.17972
16
1
-1.35997
17
1
-1.36719
18
1
-1.32395
19
1
-1.19985
20
1
-1.17425
21
1
-1.16687
22
1
-1.26873
23
1
-1.21454
24
1
-1.20676
25
1
-1.33468
26
1
-1.32891
27
1
-1.23527
28
1
-1.21583
29
1
-1.31157
30
1
-1.32946
31
1
-1.12695
32
1
-1.21658
33
1
-1.23985
34
1
-1.34507
35
1
-1.36747
36
1
-1.24702
37
1
-1.42817
38
1
-1.40919
39
1
-1.31578
40
1
-1.2944
41
1
-1.32532
42
1
-1.28148
43
1
-1.25118
44
1
-1.29917
45
1
-1.3534
46
1
-1.26222
47
1
-1.23531
48
1
-1.4354
49
1
-1.35466
50
1
-1.39875
51
1
-1.36468
52
1
-1.32798
0
2
-1.39544
1
2
-1.44011
2
2
-1.31593
3
2
-1.49798
4
2
-1.2032
5
2
-1.14611
6
2
-1.41652
7
2
-1.20978
8
2
-1.23925
9
2
-1.12691
10
2
-1.1709
11
2
-1.34176
12
2
-1.21244
13
2
-1.26794
14
2
-1.17713
15
2
-1.28747
16
2
-1.16775
17
2
-1.29279
18
2
-1.31354
19
2
-1.34119
20
2
-1.28918
21
2
-1.23315
22
2
-1.3467
23
2
-1.26673
24
2
-1.31965
25
2
-1.28119
26
2
-1.28582
27
2
-1.36425
28
2
-1.29026
29
2
-1.24189
30
2
-1.22578
31
2
-1.33435
32
2
-1.32779
33
2
-1.35347
34
2
-1.34533
35
2
-1.30409
36
2
-1.2184
37
2
-1.19077
38
2
-1.36208
39
2
-1.4241
40
2
-1.36955
41
2
-1.14877
42
2
-1.41839
43
2
-1.22832
44
2
-1.15726
45
2
-1.25311
46
2
-1.16463
47
2
-1.43083
48
2
-1.20726
49
2
-1.29652
50
2
-1.34393
51
2
-1.3807
52
2
-1.26491
0
3
-1.20419
1
3
-1.1707
2
3
-1.44257
3
3
-1.29666
4
3
-1.38696
5
3
-1.17626
6
3
-1.21979
7
3
-1.27688
8
3
-1.27296
9
3
-1.299
10
3
-1.24381
11
3
-1.40486
12
3
-1.26707
13
3
-1.30872
14
3
-1.15444
15
3
-1.18078
16
3
-1.20848
17
3
-1.14421
18
3
-1.27552
19
3
-1.37729
20
3
-1.25191
21
3
-1.18935
22
3
-1.17743
23
3
-1.25953
24
3
-1.34976
25
3
-1.17563
26
3
-1.36278
27
3
-1.29763
28
3
-1.30482
29
3
-1.19568
30
3
-1.15054
31
3
-1.2728
32
3
-1.39149
33
3
-1.29094
34
3
-1.42324
35
3
-1.26912
36
3
-1.29779
37
3
-1.21119
38
3
-1.17201
39
3
-1.33316
40
3
-1.38496
41
3
-1.34119
42
3
-1.19829
43
3
-1.41957
44
3
-1.16736
45
3
-1.48127
46
3
-1.24977
47
3
-1.41059
48
3
-1.26626
49
3
-1.27285
50
3
-1.43753
51
3
-1.18871
52
3
-1.32312
0
4
-1.33294
1
4
-1.34197
2
4
-1.42482
3
4
-1.28796
4
4
-1.23733
5
4
-1.24422
6
4
-1.21561
7
4
-1.5038
8
4
-1.22146
9
4
-1.11311
10
4
-1.30456
11
4
-1.17802
12
4
-1.20861
13
4
-1.42778
14
4
-1.42594
15
4
-1.24991
16
4
-1.29335
17
4
-1.24388
18
4
-1.3827
19
4
-1.32575
20
4
-1.23425
21
4
-1.38241
22
4
-1.29296
23
4
-1.26418
24
4
-1.36498
25
4
-1.23041
26
4
-1.27635
27
4
-1.27258
28
4
-1.25624
29
4
-1.28032
30
4
-1.30135
31
4
-1.25033
32
4
-1.42005
33
4
-1.43248
34
4
-1.25971
35
4
-1.2388
36
4
-1.33987
37
4
-1.27107
38
4
-1.31497
39
4
-1.33014
40
4
-1.19744
41
4
-1.406
42
4
-1.21826
43
4
-1.2129
44
4
-1.22236
45
4
-1.25824
46
4
-1.24393
47
4
-1.15576
48
4
-1.20923
49
4
-1.36318
50
4
-1.38157
51
4
-1.38572
52
4
-1.14711
0
5
-1.22839
1
5
-1.35609
2
5
-1.25487
3
5
-1.27016
4
5
-1.21003
5
5
-1.24649
6
5
-1.30437
7
5
-1.26258
8
5
-1.30156
9
5
-1.09295
10
5
-1.20508
11
5
-1.25541
12
5
-1.32687
13
5
-1.34285
14
5
-1.39351
15
5
-1.1132
16
5
-1.28252
17
5
-1.18677
18
5
-1.48202
19
5
-1.27315
20
5
-1.46086
21
5
-1.37401
22
5
-1.21074
23
5
-1.35989
24
5
-1.16961
25
5
-1.35772
26
5
-1.31408
27
5
-1.2683
28
5
-1.15419
29
5
-1.28313
30
5
-1.39186
31
5
-1.31769
32
5
-1.27171
33
5
-1.28704
34
5
-1.21382
35
5
-1.36701
36
5
-1.27391
37
5
-1.37511
38
5
-1.25283
39
5
-1.37228
40
5
-1.27514
41
5
-1.41952
42
5
-1.32676
43
5
-1.30427
44
5
-1.22899
45
5
-1.27636
46
5
-1.23396
47
5
-1.2602
48
5
-1.32255
49
5
-1.40069
50
5
-1.23685
51
5
-1.24654
52
5
-1.29465
0
6
-1.23596
1
6
-1.20109
2
6
-1.29053
3
6
-1.28048
4
6
-1.31259
5
6
-1.30346
6
6
-1.18307
7
6
-1.2918
8
6
-1.31996
9
6
-1.21724
10
6
-1.29633
11
6
-1.2877
12
6
-1.13406
13
6
-1.33929
14
6
-1.31485
15
6
-1.33646
16
6
-1.29143
17
6
-1.17163
18
6
-1.36729
19
6
-1.35632
20
6
-1.29385
21
6
-1.24907
22
6
-1.26868
23
6
-1.23379
24
6
-1.39039
25
6
-1.19584
26
6
-1.10393
27
6
-1.28405
28
6
-1.09725
29
6
-1.16658
30
6
-1.3462
31
6
-1.23978
32
6
-1.23687
33
6
-1.26082
34
6
-1.08956
35
6
-1.28255
36
6
-1.35199
37
6
-1.29776
38
6
-1.28699
39
6
-1.25132
40
6
-1.16208
41
6
-1.33099
42
6
-1.22027
43
6
-1.26589
44
6
-1.2849
45
6
-1.14291
46
6
-1.31157
47
6
-1.32751
48
6
-1.24522
49
6
-1.36428
50
6
-1.39849
51
6
-1.23567
52
6
-1.27299
0
7
-1.15672
1
7
-1.18962
2
7
-1.27698
3
7
-1.32074
4
7
-1.23944
5
7
-1.48035
6
7
-1.31629
7
7
-1.28138
8
7
-1.25168
9
7
-1.27736
10
7
-1.1945
11
7
-1.25683
12
7
-1.15902
13
7
-1.26628
14
7
-1.32267
15
7
-1.34922
16
7
-1.3786
17
7
-1.4483
18
7
-1.1933
19
7
-1.24758
20
7
-1.32221
21
7
-1.22711
22
7
-1.26871
23
7
-1.38538
24
7
-1.39892
25
7
-1.38163
26
7
-1.21183
27
7
-1.21621
28
7
-1.22025
29
7
-1.29163
30
7
-1.44391
31
7
-1.37064
32
7
-1.16794
33
7
-1.31169
34
7
-1.20405
35
7
-1.4587
36
7
-1.22874
37
7
-1.26184
38
7
-1.21905
39
7
-1.221
40
7
-1.26724
41
7
-1.26311
42
7
-1.32142
43
7
-1.23239
44
7
-1.24921
45
7
-1.20761
46
7
-1.2018
47
7
-1.42073
48
7
-1.20934
49
7
-1.28822
50
7
-1.37458
51
7
-1.35834
52
7
-1.3168
0
8
-1.30612
1
8
-1.2932
2
8
-1.19193
3
8
-1.28542
4
8
-1.44994
5
8
-1.2869
6
8
-1.15873
7
8
-1.15277
8
8
-1.34477
9
8
-1.18345
10
8
-1.35923
11
8
-1.38593
12
8
-1.22763
13
8
-1.38344
14
8
-1.39924
15
8
-1.26808
16
8
-1.3735
17
8
-1.16979
18
8
-1.18633
19
8
-1.23515
20
8
-1.27562
21
8
-1.24461
22
8
-1.39256
23
8
-1.38847
24
8
-1.36141
25
8
-1.30787
26
8
-1.26879
27
8
-1.29127
28
8
-1.40311
29
8
-1.28335
30
8
-1.22092
31
8
-1.21226
32
8
-1.35028
33
8
-1.27099
34
8
-1.39166
35
8
-1.2279
36
8
-1.12653
37
8
-1.30839
38
8
-1.33039
39
8
-1.29411
40
8
-1.37756
41
8
-1.31932
42
8
-1.2814
43
8
-1.3566
44
8
-1.09801
45
8
-1.34558
46
8
-1.23965
47
8
-1.29798
48
8
-1.40789
49
8
-1.31898
50
8
-1.24214
51
8
-1.19145
52
8
-1.24203
0
9
-1.36933
1
9
-1.17642
2
9
-1.22823
3
9
-1.17377
4
9
-1.26827
5
9
-1.33867
6
9
-1.18924
7
9
-1.3722
8
9
-1.21871
9
9
-1.24994
10
9
-1.45193
11
9
-1.30889
12
9
-1.40402
13
9
-1.23703
14
9
-1.22727
15
9
-1.24972
16
9
-1.38377
17
9
-1.25303
18
9
-1.27722
19
9
-1.12243
20
9
-1.19364
21
9
-1.24862
22
9
-1.3528
23
9
-1.26582
24
9
-1.1738
25
9
-1.26545
26
9
-1.12725
27
9
-1.40548
28
9
-1.39612
29
9
-1.33041
30
9
-1.289
31
9
-1.17598
32
9
-1.28248
33
9
-1.15862
34
9
-1.20849
35
9
-1.21637
36
9
-1.44839
37
9
-1.21501
38
9
-1.15788
39
9
-1.09384
40
9
-1.31007
41
9
-1.26851
42
9
-1.40474
43
9
-1.23944
44
9
-1.22162
45
9
-1.35199
46
9
-1.24312
47
9
-1.43134
48
9
-1.18747
49
9
-1.29344
50
9
-1.31712
51
9
-1.31198
52
9
-1.17525
0
10
-1.39042
1
10
-1.22424
2
10
-1.17498
3
10
-1.40605
4
10
-1.22289
5
10
-1.51724
6
10
-1.39476
7
10
-1.25075
8
10
-1.32656
9
10
-1.40467
10
10
-1.23441
11
10
-1.33912
12
10
-1.3027
13
10
-1.16534
14
10
-1.33546
15
10
-1.18057
16
10
-1.34838
17
10
-1.29141
18
10
-1.26518
19
10
-1.2775
20
10
-1.22845
21
10
-1.19832
22
10
-1.25358
23
10
-1.33531
24
10
-1.23998
25
10
-1.15064
26
10
-1.1402
27
10
-1.31481
28
10
-1.26103
29
10
-1.30803
30
10
-1.21424
31
10
-1.2891
32
10
-1.1897
33
10
-1.1996
34
10
-1.14473
35
10
-1.32435
36
10
-1.34704
37
10
-1.2281
38
10
-1.353
39
10
-1.2831
40
10
-1.21576
41
10
-1.25107
42
10
-1.4118
43
10
-1.37619
44
10
-1.16392
45
10
-1.15562
46
10
-1.29138
47
10
-1.17367
48
10
-1.36283
49
10
-1.17089
50
10
-1.21669
51
10
-1.24534
52
10
-1.29916
0
11
-1.40026
1
11
-1.22288
2
11
-1.18878
3
11
-1.27856
4
11
-1.3363
5
11
-1.39206
6
11
-1.39857
7
11
-1.21939
8
11
-1.3586
9
11
-1.29949
10
11
-1.21678
11
11
-1.27672
12
11
-1.32608
13
11
-1.35561
14
11
-1.25412
15
11
-1.34861
16
11
-1.23174
17
11
-1.39051
18
11
-1.34982
19
11
-1.32653
20
11
-1.26675
21
11
-1.28834
22
11
-1.32375
23
11
-1.26628
24
11
-1.35644
25
11
-1.48638
26
11
-1.11538
27
11
-1.26192
28
11
-1.23198
29
11
-1.16113
30
11
-1.3216
31
11
-1.36916
32
11
-1.39267
33
11
-1.33839
34
11
-1.20272
35
11
-1.29947
36
11
-1.26797
37
11
-1.28845
38
11
-1.29574
39
11
-1.41591
40
11
-1.38494
41
11
-1.14166
42
11
-1.13901
43
11
-1.2396
44
11
-1.3562
45
11
-1.20331
46
11
-1.35539
47
11
-1.37319
48
11
-1.45169
49
11
-1.3858
50
11
-1.3363
51
11
-1.34746
52
11
-1.17226
0
12
-1.18005
1
12
-1.3516
2
12
-1.20423
3
12
-1.39071
4
12
-1.18533
5
12
-1.08489
6
12
-1.1074
7
12
-1.28056
8
12
-1.15401
9
12
-1.12734
10
12
-1.33048
11
12
-1.32406
12
12
-1.23663
13
12
-1.28804
14
12
-1.33707
15
12
-1.43725
16
12
-1.29509
17
12
-1.38695
18
12
-1.11913
19
12
-1.37592
20
12
-1.3078
21
12
-1.38454
22
12
-1.30682
23
12
-1.21648
24
12
-1.25101
25
12
-1.32991
26
12
-1.17754
27
12
-1.35395
28
12
-1.38668
29
12
-1.27651
30
12
-1.35525
31
12
-1.347
32
12
-1.3784
33
12
-1.12374
34
12
-1.21866
35
12
-1.25481
36
12
-1.16973
37
12
-1.29184
38
12
-1.17314
39
12
-1.37269
40
12
-1.26183
41
12
-1.28227
42
12
-1.37211
43
12
-1.34464
44
12
-1.2653
45
12
-1.18301
46
12
-1.27957
47
12
-1.21284
48
12
-1.1509
49
12
-1.26405
50
12
-1.20587
51
12
-1.27359
52
12
-1.23799
0
13
-1.1474
1
13
-1.3837
2
13
-1.35458
3
13
-1.25064
4
13
-1.18427
5
13
-1.42752
6
13
-1.39615
7
13
-1.31569
8
13
-1.36565
9
13
-1.33199
10
13
-1.40324
11
13
-1.13985
12
13
-1.11079
13
13
-1.26691
14
13
-1.38375
15
13
-1.46022
16
13
-1.23185
17
13
-1.38444
18
13
-1.25474
19
13
-1.15938
20
13
-1.30243
21
13
-1.31851
22
13
-1.34856
23
13
-1.33321
24
13
-1.3352
25
13
-1.21143
26
13
-1.24935
27
13
-1.27147
28
13
-1.32434
29
13
-1.17269
30
13
-1.17974
31
13
-1.27517
32
13
-1.15576
33
13
-1.24271
34
13
-1.3387
35
13
-1.24772
36
13
-1.39564
37
13
-1.22474
38
13
-1.19716
39
13
-1.29366
40
13
-1.21162
41
13
-1.19748
42
13
-1.2372
43
13
-1.26053
44
13
-1.37943
45
13
-1.3155
46
13
-1.37286
47
13
-1.27311
48
13
-1.42464
49
13
-1.28321
50
13
-1.19014
51
13
-1.37207
52
13
-1.3918
0
14
-1.36843
1
14
-1.26962
2
14
-1.34419
3
14
-1.2175
4
14
-1.34826
5
14
-1.21108
6
14
-1.23186
7
14
-1.2526
8
14
-1.17871
9
14
-1.35814
10
14
-1.37047
11
14
-1.21637
12
14
-1.13561
13
14
-1.29818
14
14
-1.27167
15
14
-1.19099
16
14
-1.39351
17
14
-1.25953
18
14
-1.15283
19
14
-1.29947
20
14
-1.36187
21
14
-1.19518
22
14
-1.27448
23
14
-1.43614
24
14
-1.38531
25
14
-1.20704
26
14
-1.17768
27
14
-1.16017
28
14
-1.43445
29
14
-1.28854
30
14
-1.18283
31
14
-1.21031
32
14
-1.29896
33
14
-1.20405
34
14
-1.29317
35
14
-1.25884
36
14
-1.42019
37
14
-1.33109
38
14
-1.25397
39
14
-1.24289
40
14
-1.35914
41
14
-1.21282
42
14
-1.29823
43
14
-1.33968
44
14
-1.37936
45
14
-1.28278
46
14
-1.35616
47
14
-1.2752
48
14
-1.28311
49
14
-1.12069
50
14
-1.34014
51
14
-1.54134
52
14
-1.35292
0
15
-1.27493
1
15
-1.25406
2
15
-1.16348
3
15
-1.35459
4
15
-1.22548
5
15
-1.20578
6
15
-1.37747
7
15
-1.09568
8
15
-1.21284
9
15
-1.11012
10
15
-1.30002
11
15
-1.34248
12
15
-1.29004
13
15
-1.30149
14
15
-1.39053
15
15
-1.2868
16
15
-1.31646
17
15
-1.40273
18
15
-1.23625
19
15
-1.36631
20
15
-1.38898
21
15
-1.14494
22
15
-1.40708
23
15
-1.1301
24
15
-1.20107
25
15
-1.30422
26
15
-1.22565
27
15
-1.31532
28
15
-1.35047
29
15
-1.40255
30
15
-1.3141
31
15
-1.40121
32
15
-1.17022
33
15
-1.14815
34
15
-1.39858
35
15
-1.27637
36
15
-1.48546
37
15
-1.23514
38
15
-1.40569
39
15
-1.16788
40
15
-1.26617
41
15
-1.29278
42
15
-1.19748
43
15
-1.35711
44
15
-1.19839
45
15
-1.3241
46
15
-1.43297
47
15
-1.31462
48
15
-1.39002
49
15
-1.27602
50
15
-1.35365
51
15
-1.29005
52
15
-1.36562
0
16
-1.32468
1
16
-1.30549
2
16
-1.25088
3
16
-1.26212
4
16
-1.22678
5
16
-1.29548
6
16
-1.39123
7
16
-1.4254
8
16
-1.3588
9
16
-1.2118
10
16
-1.40217
11
16
-1.30243
12
16
-1.25488
13
16
-1.38113
14
16
-1.10856
15
16
-1.30677
16
16
-1.2286
17
16
-1.09458
18
16
-1.18067
19
16
-1.31915
20
16
-1.16019
21
16
-1.27057
22
16
-1.23988
23
16
-1.10659
24
16
-1.40157
25
16
-1.17405
26
16
-1.36857
27
16
-1.3316
28
16
-1.29828
29
16
-1.40593
30
16
-1.20097
31
16
-1.23483
32
16
-1.19651
33
16
-1.36491
34
16
-1.39276
35
16
-1.19398
36
16
-1.14304
37
16
-1.21055
38
16
-1.3661
39
16
-1.2859
40
16
-1.15528
41
16
-1.23905
42
16
-1.18324
43
16
-1.27959
44
16
-1.44245
45
16
-1.29183
46
16
-1.26056
47
16
-1.31618
48
16
-1.16704
49
16
-1.31947
50
16
-1.30749
51
16
-1.16932
52
16
-1.22561
0
17
-1.39675
1
17
-1.26881
2
17
-1.22998
3
17
-1.31687
4
17
-1.26261
5
17
-1.31335
6
17
-1.24807
7
17
-1.2785
8
17
-1.25788
9
17
-1.16637
10
17
-1.37689
11
17
-1.40398
12
17
-1.13774
13
17
-1.32588
14
17
-1.20674
15
17
-1.26709
16
17
-1.20775
17
17
-1.13944
18
17
-1.3204
19
17
-1.32546
20
17
-1.31617
21
17
-1.25369
22
17
-1.39883
23
17
-1.34814
24
17
-1.3943
25
17
-1.38859
26
17
-1.41731
27
17
-1.20099
28
17
-1.2582
29
17
-1.23716
30
17
-1.46157
31
17
-1.353
32
17
-1.35403
33
17
-1.34369
34
17
-1.3124
35
17
-1.23042
36
17
-1.31724
37
17
-1.39649
38
17
-1.18912
39
17
-1.34537
40
17
-1.16323
41
17
-1.28546
42
17
-1.41923
43
17
-1.39706
44
17
-1.36093
45
17
-1.296
46
17
-1.24469
47
17
-1.17259
48
17
-1.4665
49
17
-1.2123
50
17
-1.19719
51
17
-1.21535
52
17
-1.47427
0
18
-1.25574
1
18
-1.15326
2
18
-1.25026
3
18
-1.36805
4
18
-1.25363
5
18
-1.1225
6
18
-1.20645
7
18
-1.16391
8
18
-1.21732
9
18
-1.25669
10
18
-1.37141
11
18
-1.23673
12
18
-1.2058
13
18
-1.34558
14
18
-1.22816
15
18
-1.22877
16
18
-1.38087
17
18
-1.26567
18
18
-1.3222
19
18
-1.35008
20
18
-1.25871
21
18
-1.15814
22
18
-1.35856
23
18
-1.30117
24
18
-1.18276
25
18
-1.34068
26
18
-1.27124
27
18
-1.38589
28
18
-1.38858
29
18
-1.17258
30
18
-1.24108
31
18
-1.1905
32
18
-1.30968
33
18
-1.33757
34
18
-1.25703
35
18
-1.14136
36
18
-1.27557
37
18
-1.44441
38
18
-1.32216
39
18
-1.19716
40
18
-1.2739
41
18
-1.2722
42
18
-1.37835
43
18
-1.12064
44
18
-1.29968
45
18
-1.31291
46
18
-1.38664
47
18
-1.32084
48
18
-1.34233
49
18
-1.34358
50
18
-1.25703
51
18
-1.2867
52
18
-1.16149
0
19
-1.40233
1
19
-1.41356
2
19
-1.36639
3
19
-1.13355
4
19
-1.24715
5
19
-1.26754
6
19
-1.34376
7
19
-1.24347
8
19
-1.43462
9
19
-1.29444
10
19
-1.27566
11
19
-1.1965
12
19
-1.22613
13
19
-1.4079
14
19
-1.30817
15
19
-1.25536
16
19
-1.40896
17
19
-1.24366
18
19
-1.43698
19
19
-1.3499
20
19
-1.32817
21
19
-1.29266
22
19
-1.40092
23
19
-1.27426
24
19
-1.26841
25
19
-1.16117
26
19
-1.14354
27
19
-1.42682
28
19
-1.33828
29
19
-1.18504
30
19
-1.30815
31
19
-1.35526
32
19
-1.26848
33
19
-1.35313
34
19
-1.22092
35
19
-1.20333
36
19
-1.30492
37
19
-1.4167
38
19
-1.16311
39
19
-1.36958
40
19
-1.26693
41
19
-1.21293
42
19
-1.27079
43
19
-1.28733
44
19
-1.35289
45
19
-1.22977
46
19
-1.38586
47
19
-1.36714
48
19
-1.1862
49
19
-1.31784
50
19
-1.21431
51
19
-1.36422
52
19
-1.27387
0
20
-1.33268
1
20
-1.2925
2
20
-1.21357
3
20
-1.35482
4
20
-1.14558
5
20
-1.13946
6
20
-1.28378
7
20
-1.38857
8
20
-1.37932
9
20
-1.32023
10
20
-1.3147
11
20
-1.1487
12
20
-1.30196
13
20
-1.3211
14
20
-1.33869
15
20
-1.21951
16
20
-1.28126
17
20
-1.27778
18
20
-1.19968
19
20
-1.23938
20
20
-1.33761
21
20
-1.49597
22
20
-1.43589
23
20
-1.13575
24
20
-1.27673
25
20
-1.22997
26
20
-1.43656
27
20
-1.41701
28
20
-1.33075
29
20
-1.27415
30
20
-1.243
31
20
-1.29776
32
20
-1.2031
33
20
-1.11678
34
20
-1.29817
35
20
-1.27194
36
20
-1.42835
37
20
-1.46648
38
20
-1.28242
39
20
-1.23934
40
20
-1.47652
41
20
-1.19203
42
20
-1.30669
43
20
-1.23538
44
20
-1.43096
45
20
-1.13225
46
20
-1.34119
47
20
-1.28184
48
20
-1.34522
49
20
-1.43608
50
20
-1.24202
51
20
-1.33125
52
20
-1.43441
0
21
-1.23608
1
21
-1.15228
2
21
-1.36118
3
21
-1.30323
4
21
-1.25269
5
21
-1.28412
6
21
-1.4218
7
21
-1.29234
8
21
-1.2778
9
21
-1.28914
10
21
-1.3111
11
21
-1.22849
12
21
-1.3832
13
21
-1.14982
14
21
-1.30922
15
21
-1.37419
16
21
-1.27666
17
21
-1.32138
18
21
-1.17953
19
21
-1.29952
20
21
-1.24797
21
21
-1.18249
22
21
-1.3049
23
21
-1.40271
24
21
-1.46929
25
21
-1.20634
26
21
-1.37835
27
21
-1.25487
28
21
-1.14487
29
21
-1.33974
30
21
-1.3684
31
21
-1.36256
32
21
-1.2258
33
21
-1.36389
34
21
-1.26177
35
21
-1.40557
36
21
-1.24017
37
21
-1.29983
38
21
-1.35567
39
21
-1.15341
40
21
-1.39222
41
21
-1.30662
42
21
-1.21512
43
21
-1.23209
44
21
-1.2471
45
21
-1.16685
46
21
-1.12434
47
21
-1.27764
48
21
-1.23653
49
21
-1.21061
50
21
-1.23755
51
21
-1.16108
52
21
-1.3117
0
22
-1.33233
1
22
-1.32144
2
22
-1.22521
3
22
-1.21343
4
22
-1.33008
5
22
-1.30899
6
22
-1.29624
7
22
-1.08769
8
22
-1.31019
9
22
-1.26278
10
22
-1.15997
11
22
-1.31439
12
22
-1.34066
13
22
-1.19609
14
22
-1.27159
15
22
-1.20739
16
22
-1.33559
17
22
-1.30468
18
22
-1.39049
19
22
-1.14845
20
22
-1.21671
21
22
-1.38825
22
22
-1.21962
23
22
-1.43035
24
22
-1.33154
25
22
-1.34618
26
22
-1.19076
27
22
-1.38738
28
22
-1.20984
29
22
-1.25472
30
22
-1.22972
31
22
-1.16792
32
22
-1.23565
33
22
-1.19638
34
22
-1.30799
35
22
-1.3443
36
22
-1.34439
37
22
-1.3097
38
22
-1.42495
39
22
-1.24868
40
22
-1.21554
41
22
-1.32929
42
22
-1.14522
43
22
-1.25533
44
22
-1.35551
45
22
-1.35664
46
22
-1.24179
47
22
-1.33814
48
22
-1.33758
49
22
-1.22484
50
22
-1.32087
51
22
-1.3543
52
22
-1.25089
0
23
-1.36218
1
23
-1.23166
2
23
-1.25386
3
23
-1.46279
4
23
-1.27445
5
23
-1.28252
6
23
-1.29449
7
23
-1.40693
8
23
-1.2037
9
23
-1.17473
10
23
-1.16208
11
23
-1.13509
12
23
-1.36673
13
23
-1.1429
14
23
-1.10156
15
23
-1.27532
16
23
-1.16417
17
23
-1.20895
18
23
-1.34087
19
23
-1.27988
20
23
-1.21714
21
23
-1.39483
22
23
-1.38287
23
23
-1.3972
24
23
-1.19518
25
23
-1.35105
26
23
-1.26012
27
23
-1.44934
28
23
-1.41114
29
23
-1.25897
30
23
-1.28642
31
23
-1.1422
32
23
-1.40071
33
23
-1.29695
34
23
-1.2699
35
23
-1.33428
36
23
-1.2078
37
23
-1.18213
38
23
-1.42939
39
23
-1.26154
40
23
-1.30642
41
23
-1.36813
42
23
-1.24352
43
23
-1.30337
44
23
-1.20379
45
23
-1.46072
46
23
-1.4199
47
23
-1.30115
48
23
-1.29968
49
23
-1.21538
50
23
-1.26641
51
23
-1.3514
52
23
-1.34736
0
24
-1.25263
1
24
-1.17892
2
24
-1.23733
3
24
-1.24929
4
24
-1.14495
5
24
-1.23205
6
24
-1.15072
7
24
-1.29803
8
24
-1.35772
9
24
-1.22178
10
24
-1.453
11
24
-1.39234
12
24
-1.27719
13
24
-1.27114
14
24
-1.3934
15
24
-1.37286
16
24
-1.40703
17
24
-1.21219
18
24
-1.24459
19
24
-1.26331
20
24
-1.42024
21
24
-1.44456
22
24
-1.38286
23
24
-1.2741
24
24
-1.38707
25
24
-1.38753
26
24
-1.19728
27
24
-1.23194
28
24
-1.29329
29
24
-1.22863
30
24
-1.43025
31
24
-1.35539
32
24
-1.30389
33
24
-1.13431
34
24
-1.21954
35
24
-1.16985
36
24
-1.23809
37
24
-1.36837
38
24
-1.23131
39
24
-1.14188
40
24
-1.24746
41
24
-1.32694
42
24
-1.16369
43
24
-1.20805
44
24
-1.27249
45
24
-1.33321
46
24
-1.43445
47
24
-1.25401
48
24
-1.28862
49
24
-1.25465
50
24
-1.43933
51
24
-1.23101
52
24
-1.34596
0
25
-1.25263
1
25
-1.41887
2
25
-1.16155
3
25
-1.36826
4
25
-1.20647
5
25
-1.15412
6
25
-1.27722
7
25
-1.27476
8
25
-1.26091
9
25
-1.47059
10
25
-1.33848
11
25
-1.17291
12
25
-1.19241
13
25
-1.18687
14
25
-1.20381
15
25
-1.33696
16
25
-1.17246
17
25
-1.30374
18
25
-1.19064
19
25
-1.32072
20
25
-1.24531
21
25
-1.30427
22
25
-1.12066
23
25
-1.15306
24
25
-1.44709
25
25
-1.23984
26
25
-1.13346
27
25
-1.36184
28
25
-1.22653
29
25
-1.14952
30
25
-1.2662
31
25
-1.264
32
25
-1.20115
33
25
-1.42968
34
25
-1.28399
35
25
-1.19799
36
25
-1.36561
37
25
-1.32473
38
25
-1.25144
39
25
-1.20275
40
25
-1.20443
41
25
-1.19698
42
25
-1.35696
43
25
-1.15032
44
25
-1.24672
45
25
-1.29881
46
25
-1.11185
47
25
-1.34606
48
25
-1.19697
49
25
-1.20953
50
25
-1.18491
51
25
-1.50689
52
25
-1.09548
