0
0
-1.21132
1
0
-1.5907
2
0
-1.21576
3
0
-1.38401
4
0
-1.39625
5
0
-2.01102
6
0
-1.38052
7
0
-1.36451
8
0
-1.35596
9
0
-1.34309
10
0
-1.59731
11
0
-1.54255
12
0
-1.3545
13
0
-1.49994
14
0
-1.72188
15
0
-1.97489
16
0
-1.22573
17
0
-1.17691
18
0
-1.3002
19
0
-1.70832
20
0
-1.20817
21
0
-1.35451
22
0
-0.995734
23
0
-1.34762
24
0
-1.75082
25
0
-1.26305
26
0
-1.3357
27
0
-1.93335
28
0
-1.62167
29
0
-1.51366
30
0
-1.48178
31
0
-1.46252
32
0
-1.79215
33
0
-1.26553
34
0
-1.2187
35
0
-1.49331
36
0
-1.44308
37
0
-1.56566
38
0
-1.38764
39
0
-1.23951
40
0
-1.13228
41
0
-1.61994
42
0
-1.7799
43
0
-1.24116
44
0
-1.72326
45
0
-1.84133
46
0
-1.47387
47
0
-0.936689
48
0
-1.59248
49
0
-1.17302
50
0
-1.3503
51
0
-1.58343
52
0
-1.32865
0
1
-1.27446
1
1
-2.75618
2
1
-1.36749
3
1
-1.52749
4
1
-1.07716
5
1
-1.41802
6
1
-1.72538
7
1
-1.72897
8
1
-1.20613
9
1
-2.07165
10
1
-1.48466
11
1
-1.44012
12
1
-1.58076
13
1
-1.40239
14
1
-1.12586
15
1
-1.71466
16
1
-1.10417
17
1
-1.83314
18
1
-1.47065
19
1
-1.43829
20
1
-1.45837
21
1
-1.22348
22
1
-1.30088
23
1
-1.007
24
1
-1.78081
25
1
-1.4281
26
1
-1.18356
27
1
-1.22233
28
1
-1.46245
29
1
-1.19192
30
1
-1.36819
31
1
-1.21621
32
1
-1.47757
33
1
-1.74143
34
1
-0.882231
35
1
-1.47484
36
1
-1.60229
37
1
-1.18487
38
1
-1.20747
39
1
-1.23681
40
1
-1.4053
41
1
-1.2191
42
1
-1.57506
43
1
-1.58716
44
1
-1.53523
45
1
-1.4252
46
1
-1.10869
47
1
-1.0752
48
1
-1.20075
49
1
-1.30245
50
1
-1.59639
51
1
-1.84036
52
1
-1.23256
0
2
-1.08812
1
2
-1.22317
2
2
-1.69261
3
2
-1.70911
4
2
-1.25375
5
2
-1.25425
6
2
-1.53988
7
2
-1.39724
8
2
-1.68732
9
2
-1.31171
10
2
-1.58625
11
2
-1.55815
12
2
-1.966
13
2
-1.20768
14
2
-1.2454
15
2
-1.26619
16
2
-1.61504
17
2
-1.7292
18
2
-1.87294
19
2
-1.09171
20
2
-1.1311
21
2
-1.59359
22
2
-1.61136
23
2
-1.32377
24
2
-1.5581
25
2
-1.15739
26
2
-1.63349
27
2
-1.34051
28
2
-1.00304
29
2
-1.51158
30
2
-1.50759
31
2
-1.22395
32
2
-1.80983
33
2
-1.57013
34
2
-1.38675
35
2
-1.28283
36
2
-1.51195
37
2
-0.993589
38
2
-1.59906
39
2
-1.44319
40
2
-1.26797
41
2
-1.10102
42
2
-1.3229
43
2
-1.51078
44
2
-1.79982
45
2
-1.54266
46
2
-1.38157
47
2
-1.97262
48
2
-1.1776
49
2
-1.60655
50
2
-1.16183
51
2
-1.69824
52
2
-1.35706
0
3
-1.16328
1
3
-1.27123
2
3
-1.49244
3
3
-1.41339
4
3
-1.47078
5
3
-1.42285
6
3
-1.27077
7
3
-1.72739
8
3
-1.73208
9
3
-1.33697
10
3
-1.37729
11
3
-1.67253
12
3
-1.52055
13
3
-1.50509
14
3
-1.53048
15
3
-1.37796
16
3
-1.19533
17
3
-1.39581
18
3
-1.32941
19
3
-1.22575
20
3
-1.68327
21
3
-1.47712
22
3
-1.68234
23
3
-2.15453
24
3
-1.27243
25
3
-1.5692
26
3
-1.10737
27
3
-1.35046
28
3
-1.17451
29
3
-1.56074
30
3
-1.38583
31
3
-2.08873
32
3
-1.41924
33
3
-1.28613
34
3
-1.41442
35
3
-1.25141
36
3
-1.13313
37
3
-1.43246
38
3
-1.48162
39
3
-1.31872
40
3
-1.19921
41
3
-1.3277
42
3
-1.92869
43
3
-1.61299
44
3
-1.15128
45
3
-1.21744
46
3
-1.6528
47
3
-2.05805
48
3
-1.58906
49
3
-1.207
50
3
-1.53664
51
3
-1.3867
52
3
-1.37035
0
4
-1.73726
1
4
-4.13614
2
4
-1.52477
3
4
-1.46422
4
4
-1.6281
5
4
-1.48125
6
4
-1.20584
7
4
-1.50229
8
4
-1.40176
9
4
-1.1284
10
4
-2.07573
11
4
-1.5786
12
4
-1.50769
13
4
-2.04967
14
4
-1.47898
15
4
-2.11964
16
4
-1.28582
17
4
-1.1974
18
4
-1.10249
19
4
-1.39256
20
4
-1.50057
21
4
-1.32782
22
4
-1.18899
23
4
-5.10664
24
4
-1.14524
25
4
-1.55038
26
4
-1.34204
27
4
-1.33753
28
4
-1.32459
29
4
-1.19844
30
4
-4.31879
31
4
-3.42928
32
4
-5.11841
33
4
-2.06282
34
4
-1.26767
35
4
-1.39171
36
4
-1.24931
37
4
-1.44263
38
4
-0.646154
39
4
-1.12698
40
4
-1.11238
41
4
-2.16246
42
4
-1.54751
43
4
-3.28589
44
4
-1.7788
45
4
-1.64233
46
4
-0.982836
47
4
-5.79091
48
4
-1.12982
49
4
-9.18863
50
4
-1.36138
51
4
-1.95017
52
4
-2.05861
0
5
-1.42163
1
5
-1.37113
2
5
-1.16126
3
5
-1.73948
4
5
-1.41972
5
5
-1.25925
6
5
-1.41567
7
5
-1.2422
8
5
-1.40305
9
5
-1.67269
10
5
-1.8782
11
5
-1.47497
12
5
-1.51853
13
5
-1.31399
14
5
-1.40788
15
5
-2.0555
16
5
-1.23225
17
5
-1.59837
18
5
-1.4402
19
5
-1.39187
20
5
-1.7859
21
5
-1.44763
22
5
-1.07814
23
5
-2.06127
24
5
-1.34389
25
5
-1.65125
26
5
-1.08582
27
5
-1.54629
28
5
-1.76783
29
5
-1.43442
30
5
-2.64725
31
5
-1.17582
32
5
-1.60505
33
5
-1.52985
34
5
-1.20616
35
5
-1.46085
36
5
-1.48996
37
5
-1.62674
38
5
-1.31229
39
5
-1.63365
40
5
-1.67262
41
5
-1.70337
42
5
-2.03723
43
5
-1.50178
44
5
-0.772943
45
5
-1.19189
46
5
-1.39828
47
5
-1.4839
48
5
-1.3032
49
5
-1.67675
50
5
-1.18067
51
5
-1.56108
52
5
-1.45317
0
6
-1.33607
1
6
-1.22653
2
6
-1.04772
3
6
-1.64749
4
6
-2.31524
5
6
-1.32547
6
6
-1.36456
7
6
-1.59916
8
6
-1.28505
9
6
-1.59646
10
6
-1.60085
11
6
-1.16085
12
6
-1.50465
13
6
-1.39184
14
6
-1.31931
15
6
-1.54511
16
6
-1.674
17
6
-1.41482
18
6
-1.85768
19
6
-2.00629
20
6
-2.0426
21
6
-0.992307
22
6
-1.25874
23
6
-1.68918
24
6
-1.98327
25
6
-1.04058
26
6
-1.8575
27
6
-1.40366
28
6
-1.42764
29
6
-1.74001
30
6
-1.24164
31
6
-1.4958
32
6
-1.13117
33
6
-1.15126
34
6
-1.6757
35
6
-1.3234
36
6
-1.57151
37
6
-1.15044
38
6
-2.04082
39
6
-1.1975
40
6
-1.964
41
6
-1.36274
42
6
-1.67398
43
6
-1.28447
44
6
-1.29811
45
6
-1.32241
46
6
-0.96587
47
6
-1.96034
48
6
-1.49185
49
6
-1.32438
50
6
-1.32475
51
6
-1.10633
52
6
-1.23835
0
7
-1.71865
1
7
-1.24728
2
7
-1.20672
3
7
-1.26623
4
7
-1.67365
5
7
-1.17879
6
7
-1.34207
7
7
-1.41107
8
7
-1.6857
9
7
-1.70432
10
7
-1.15356
11
7
-1.42752
12
7
-2.34115
13
7
-1.10785
14
7
-1.42968
15
7
-1.7025
16
7
-1.42926
17
7
-1.14038
18
7
-1.18867
19
7
-1.40514
20
7
-1.45998
21
7
-1.31111
22
7
-1.30533
23
7
-1.13661
24
7
-1.50569
25
7
-1.75298
26
7
-1.16755
27
7
-1.29974
28
7
-1.54899
29
7
-2.12886
30
7
-1.46818
31
7
-1.18138
32
7
-1.26163
33
7
-1.74243
34
7
-1.03157
35
7
-1.30311
36
7
-1.46511
37
7
-1.25102
38
7
-1.61492
39
7
-1.58048
40
7
-1.78022
41
7
-1.26129
42
7
-1.1867
43
7
-1.43126
44
7
-1.93966
45
7
-1.17051
46
7
-1.24349
47
7
-1.19229
48
7
-1.00833
49
7
-1.30531
50
7
-1.37695
51
7
-1.27958
52
7
-1.41578
0
8
-1.30171
1
8
-8.63916
2
8
-1.32197
3
8
-1.31603
4
8
-1.54957
5
8
-1.228
6
8
-1.90132
7
8
-1.49035
8
8
-1.79721
9
8
-1.28869
10
8
-1.53863
11
8
-1.63887
12
8
-1.54912
13
8
-1.36426
14
8
-1.19427
15
8
-1.41827
16
8
-1.25327
17
8
-1.17206
18
8
-1.64016
19
8
-1.57411
20
8
-1.64179
21
8
-1.24716
22
8
-2.71134
23
8
-0.988781
24
8
-1.55602
25
8
-1.44656
26
8
-1.17728
27
8
-1.06952
28
8
-1.25906
29
8
-1.24786
30
8
-1.39437
31
8
-1.33579
32
8
-1.99511
33
8
-1.36322
34
8
-1.10283
35
8
-1.17173
36
8
-0.915066
37
8
-1.20695
38
8
-1.31412
39
8
-1.56615
40
8
-1.38412
41
8
-1.50137
42
8
-1.51798
43
8
-1.44615
44
8
-1.64027
45
8
-1.47981
46
8
-1.84158
47
8
-1.64111
48
8
-1.56023
49
8
-1.68939
50
8
-1.37156
51
8
-1.19578
52
8
-1.83019
0
9
-1.44411
1
9
-1.14979
2
9
-1.37531
3
9
-1.36938
4
9
-1.3399
5
9
-1.12382
6
9
-1.39737
7
9
-1.46501
8
9
-1.4533
9
9
-1.84992
10
9
-1.20904
11
9
-2.17354
12
9
-1.75339
13
9
-1.43337
14
9
-1.54939
15
9
-1.4
16
9
-1.84358
17
9
-1.38822
18
9
-1.24702
19
9
-3.97871
20
9
-1.29365
21
9
-1.4216
22
9
-1.11879
23
9
-0.992949
24
9
-1.06426
25
9
-1.41548
26
9
-1.27037
27
9
-1.89333
28
9
-1.60579
29
9
-1.25786
30
9
-1.27873
31
9
-1.79201
32
9
-1.4345
33
9
-1.45035
34
9
-1.53831
35
9
-1.33068
36
9
-1.81382
37
9
-1.36964
38
9
-1.76185
39
9
-1.46382
40
9
-1.2103
41
9
-1.46492
42
9
-1.68361
43
9
-1.25171
44
9
-1.457
45
9
-1.59692
46
9
-1.1582
47
9
-1.44945
48
9
-1.23077
49
9
-1.15285
50
9
-1.97141
51
9
-1.64575
52
9
-1.33553
0
10
-1.29851
1
10
-1.10912
2
10
-1.32748
3
10
-1.27171
4
10
-1.24066
5
10
-1.18052
6
10
-1.44459
7
10
-1.56771
8
10
-1.66978
9
10
-1.56294
10
10
-2.12079
11
10
-2.05139
12
10
-1.27111
13
10
-1.23867
14
10
-1.45078
15
10
-1.09327
16
10
-1.44146
17
10
-1.62091
18
10
-1.57315
19
10
-1.32195
20
10
-1.79956
21
10
-1.34216
22
10
-1.22059
23
10
-1.33936
24
10
-2.15687
25
10
-1.56407
26
10
-1.43068
27
10
-1.66046
28
10
-1.25095
29
10
-1.40861
30
10
-1.71741
31
10
-1.79683
32
10
-1.5107
33
10
-1.12631
34
10
-1.18938
35
10
-1.27979
36
10
-1.29707
37
10
-1.33985
38
10
-1.63146
39
10
-1.20945
40
10
-1.42296
41
10
-1.18932
42
10
-1.80162
43
10
-1.743
44
10
-1.82958
45
10
-1.49012
46
10
-1.34573
47
10
-2.00858
48
10
-1.17089
49
10
-1.61229
50
10
-1.70546
51
10
-1.50085
52
10
-1.23736
0
11
-1.4084
1
11
-1.78721
2
11
-1.01306
3
11
-1.52304
4
11
-1.23164
5
11
-1.23168
6
11
-1.27525
7
11
-1.17003
8
11
-2.19066
9
11
-1.13811
10
11
-1.45562
11
11
-1.18526
12
11
-1.76492
13
11
-1.40697
14
11
-1.55837
15
11
-1.12521
16
11
-1.57687
17
11
-1.66355
18
11
-1.2884
19
11
-1.6666
20
11
-1.63381
21
11
-1.09233
22
11
-1.45232
23
11
-1.57972
24
11
-1.36498
25
11
-1.20717
26
11
-1.89984
27
11
-1.30849
28
11
-1.09537
29
11
-1.23408
30
11
-1.40328
31
11
-1.40172
32
11
-1.17807
33
11
-1.8677
34
11
-1.52062
35
11
-1.56073
36
11
-1.23559
37
11
-1.53297
38
11
-1.55413
39
11
-2.03188
40
11
-1.58696
41
11
-1.19233
42
11
-1.34397
43
11
-1.39289
44
11
-1.48942
45
11
-1.08429
46
11
-1.31814
47
11
-1.62145
48
11
-1.39788
49
11
-1.86644
50
11
-1.36034
51
11
-1.39965
52
11
-1.39944
0
12
-1.9196
1
12
-1.3281
2
12
-1.44291
3
12
-1.40114
4
12
-1.46088
5
12
-1.29135
6
12
-1.17451
7
12
-1.52943
8
12
-1.51451
9
12
-1.19791
10
12
-1.1258
11
12
-1.79913
12
12
-1.41378
13
12
-1.72308
14
12
-1.46889
15
12
-1.21457
16
12
-1.19776
17
12
-0.985389
18
12
-1.52612
19
12
-1.44887
20
12
-1.35341
21
12
-1.53395
22
12
-1.22997
23
12
-1.45193
24
12
-1.63376
25
12
-1.42771
26
12
-1.80859
27
12
-1.2027
28
12
-1.18518
29
12
-1.40955
30
12
-1.25384
31
12
-1.13106
32
12
-1.45675
33
12
-1.61007
34
12
-1.22828
35
12
-1.34112
36
12
-1.74019
37
12
-1.22494
38
12
-1.65604
39
12
-1.77619
40
12
-1.46013
41
12
-1.15679
42
12
-1.70194
43
12
-2.04866
44
12
-1.5696
45
12
-1.44507
46
12
-1.75055
47
12
-1.82854
48
12
-1.56977
49
12
-1.68641
50
12
-1.16358
51
12
-1.32516
52
12
-1.72129
0
13
-1.25974
1
13
-1.90311
2
13
-1.70068
3
13
-1.60413
4
13
-1.89048
5
13
-1.7832
6
13
-1.46777
7
13
-1.02001
8
13
-1.20589
9
13
-1.32752
10
13
-1.44588
11
13
-2.03003
12
13
-1.26216
13
13
-1.38153
14
13
-1.48898
15
13
-1.09455
16
13
-1.25898
17
13
-1.51911
18
13
-1.19974
19
13
-1.18876
20
13
-1.35592
21
13
-1.51702
22
13
-1.38381
23
13
-1.41687
24
13
-2.24272
25
13
-1.83081
26
13
-1.44617
27
13
-1.59864
28
13
-1.12827
29
13
-1.93138
30
13
-1.16146
31
13
-1.21603
32
13
-1.32108
33
13
-1.92436
34
13
-1.47274
35
13
-1.44233
36
13
-1.67565
37
13
-1.58866
38
13
-1.78586
39
13
-1.61827
40
13
-1.20005
41
13
-1.38792
42
13
-1.47724
43
13
-2.07005
44
13
-1.47278
45
13
-1.42327
46
13
-1.6733
47
13
-1.51778
48
13
-1.22274
49
13
-1.21905
50
13
-1.51648
51
13
-1.29006
52
13
-1.38509
0
14
-1.73436
1
14
-1.59653
2
14
-1.18456
3
14
-1.26199
4
14
-1.37034
5
14
-1.48789
6
14
-1.74169
7
14
-1.46351
8
14
-1.32936
9
14
-1.82204
10
14
-1.78052
11
14
-1.23252
12
14
-2.16908
13
14
-1.24038
14
14
-1.13406
15
14
-1.27526
16
14
-1.13814
17
14
-1.36539
18
14
-1.43228
19
14
-1.20666
20
14
-1.40059
21
14
-1.39385
22
14
-1.50623
23
14
-1.39966
24
14
-1.00739
25
14
-2.46068
26
14
-1.31422
27
14
-1.2935
28
14
-1.23527
29
14
-1.65488
30
14
-1.33387
31
14
-1.69763
32
14
-1.38267
33
14
-1.87414
34
14
-1.80128
35
14
-1.29822
36
14
-1.36898
37
14
-1.57363
38
14
-1.35842
39
14
-1.05343
40
14
-1.51194
41
14
-1.36537
42
14
-1.74852
43
14
-1.61633
44
14
-1.58161
45
14
-2.20273
46
14
-1.42736
47
14
-1.77481
48
14
-1.35146
49
14
-2.08926
50
14
-2.09764
51
14
-1.13818
52
14
-1.4757
0
15
-1.43001
1
15
-1.46249
2
15
-1.7061
3
15
-1.24109
4
15
-1.22756
5
15
-1.1914
6
15
-1.52322
7
15
-1.24117
8
15
-1.89148
9
15
-1.40449
10
15
-1.43517
11
15
-1.27964
12
15
-1.04711
13
15
-1.5785
14
15
-1.59269
15
15
-1.28701
16
15
-1.36982
17
15
-2.19631
18
15
-1.89583
19
15
-1.37604
20
15
-1.5072
21
15
-1.55664
22
15
-1.81169
23
15
-1.62732
24
15
-1.38072
25
15
-1.23009
26
15
-1.15957
27
15
-1.22813
28
15
-1.22459
29
15
-2.10107
30
15
-1.31929
31
15
-1.11579
32
15
-1.25848
33
15
-1.93286
34
15
-1.73261
35
15
-1.87945
36
15
-1.44136
37
15
-1.04311
38
15
-1.58685
39
15
-1.45785
40
15
-1.45309
41
15
-1.07882
42
15
-1.60576
43
15
-1.29243
44
15
-1.38154
45
15
-1.53511
46
15
-1.39331
47
15
-2.34173
48
15
-1.32096
49
15
-1.66961
50
15
-1.2462
51
15
-1.14451
52
15
-1.46529
0
16
-1.18051
1
16
-1.45698
2
16
-1.70824
3
16
-0.978524
4
16
-1.34579
5
16
-1.43152
6
16
-1.54095
7
16
-1.52855
8
16
-1.25365
9
16
-1.5119
10
16
-1.43132
11
16
-1.16825
12
16
-1.55841
13
16
-1.14263
14
16
-1.60216
15
16
-1.38257
16
16
-1.48578
17
16
-1.2767
18
16
-1.35097
19
16
-1.18901
20
16
-1.18566
21
16
-1.26694
22
16
-2.08568
23
16
-1.39575
24
16
-1.82899
25
16
-1.63702
26
16
-1.66562
27
16
-1.26048
28
16
-1.6184
29
16
-1.13516
30
16
-1.42425
31
16
-1.70497
32
16
-1.44481
33
16
-1.32544
34
16
-1.66681
35
16
-1.52593
36
16
-1.57079
37
16
-1.56494
38
16
-1.49888
39
16
-1.39243
40
16
-2.02872
41
16
-1.50333
42
16
-1.32884
43
16
-1.39336
44
16
-1.34511
45
16
-1.89719
46
16
-1.15177
47
16
-1.09534
48
16
-1.14387
49
16
-3.50477
50
16
-1.45802
51
16
-1.16387
52
16
-1.2745
0
17
-1.53456
1
17
-8.6783
2
17
-0.965218
3
17
-1.25288
4
17
-1.77205
5
17
-1.40542
6
17
-1.34149
7
17
-1.04644
8
17
-1.28338
9
17
-1.32419
10
17
-1.76489
11
17
-1.244
12
17
-1.38597
13
17
-1.56936
14
17
-1.1143
15
17
-1.69097
16
17
-2.03673
17
17
-1.3842
18
17
-1.14734
19
17
-1.43215
20
17
-1.35025
21
17
-1.65381
22
17
-1.56916
23
17
-1.88179
24
17
-1.51254
25
17
-2.37054
26
17
-1.51774
27
17
-1.33466
28
17
-1.23551
29
17
-1.01181
30
17
-1.46765
31
17
-1.22546
32
17
-1.93533
33
17
-1.06319
34
17
-1.71191
35
17
-1.68076
36
17
-1.02997
37
17
-1.61651
38
17
-1.23164
39
17
-1.50652
40
17
-1.50602
41
17
-1.74951
42
17
-1.37628
43
17
-1.57599
44
17
-2.33758
45
17
-1.19248
46
17
-1.3207
47
17
-1.1125
48
17
-1.66867
49
17
-1.22548
50
17
-1.37179
51
17
-1.28234
52
17
-1.40425
0
18
-1.23361
1
18
-1.45411
2
18
-1.74882
3
18
-1.87007
4
18
-1.05032
5
18
-1.30281
6
18
-2.65713
7
18
-1.31346
8
18
-1.24475
9
18
-1.18499
10
18
-1.65584
11
18
-1.64365
12
18
-1.4024
13
18
-1.2672
14
18
-1.54261
15
18
-1.40119
16
18
-1.37237
17
18
-1.29282
18
18
-0.934936
19
18
-1.48317
20
18
-1.32973
21
18
-1.37109
22
18
-1.25924
23
18
-1.24898
24
18
-1.09746
25
18
-1.55496
26
18
-1.31544
27
18
-1.21846
28
18
-2.31481
29
18
-1.48037
30
18
-1.31556
31
18
-1.65454
32
18
-1.74607
33
18
-1.39976
34
18
-1.32405
35
18
-1.33707
36
18
-1.40802
37
18
-1.48832
38
18
-1.38386
39
18
-1.41939
40
18
-1.20191
41
18
-1.602
42
18
-1.65074
43
18
-1.6804
44
18
-1.40347
45
18
-1.51901
46
18
-1.49657
47
18
-1.52212
48
18
-1.23348
49
18
-2.506
50
18
-1.34543
51
18
-1.07724
52
18
-0.877061
0
19
-1.4291
1
19
-1.24286
2
19
-1.27239
3
19
-1.65064
4
19
-1.28149
5
19
-0.918409
6
19
-1.30825
7
19
-1.29892
8
19
-1.63408
9
19
-1.47588
10
19
-3.20557
11
19
-2.39463
12
19
-1.07688
13
19
-1.34753
14
19
-1.0236
15
19
-1.76773
16
19
-1.38799
17
19
-1.8748
18
19
-1.77906
19
19
-1.34547
20
19
-1.34823
21
19
-1.36385
22
19
-1.31731
23
19
-1.37828
24
19
-1.27153
25
19
-1.25593
26
19
-1.16521
27
19
-1.1865
28
19
-1.66894
29
19
-1.14749
30
19
-1.42181
31
19
-1.56321
32
19
-1.63871
33
19
-1.37166
34
19
-1.56979
35
19
-1.26588
36
19
-1.36694
37
19
-1.10577
38
19
-2.1536
39
19
-1.52094
40
19
-0.964423
41
19
-1.33058
42
19
-1.59338
43
19
-1.43698
44
19
-1.47404
45
19
-1.46417
46
19
-1.45642
47
19
-1.40429
48
19
-1.05023
49
19
-1.4613
50
19
-1.45511
51
19
-1.33946
52
19
-1.49642
0
20
-1.24658
1
20
-1.39545
2
20
-1.15737
3
20
-1.19511
4
20
-1.68686
5
20
-1.2645
6
20
-1.23173
7
20
-1.20517
8
20
-1.68912
9
20
-1.97988
10
20
-1.333
11
20
-1.84563
12
20
-1.34346
13
20
-1.17608
14
20
-2.26328
15
20
-1.68441
16
20
-1.1419
17
20
-1.58565
18
20
-1.25823
19
20
-1.35765
20
20
-1.6744
21
20
-1.6318
22
20
-1.27535
23
20
-1.69891
24
20
-1.31154
25
20
-1.24844
26
20
-1.7639
27
20
-1.88566
28
20
-1.69267
29
20
-2.00776
30
20
-1.80308
31
20
-1.71704
32
20
-1.23223
33
20
-1.37689
34
20
-2.42811
35
20
-1.00529
36
20
-1.58432
37
20
-1.15801
38
20
-1.68614
39
20
-1.1458
40
20
-1.0564
41
20
-1.47344
42
20
-2.34479
43
20
-1.87074
44
20
-1.21551
45
20
-1.25775
46
20
-1.57415
47
20
-1.02976
48
20
-1.27628
49
20
-1.36692
50
20
-1.27788
51
20
-0.992148
52
20
-1.83391
0
21
-1.98345
1
21
-1.12949
2
21
-1.4824
3
21
-1.41575
4
21
-1.51561
5
21
-1.34159
6
21
-1.69222
7
21
-1.43497
8
21
-1.44691
9
21
-1.27291
10
21
-1.16529
11
21
-1.57074
12
21
-1.66979
13
21
-1.39595
14
21
-1.33764
15
21
-1.6836
16
21
-1.44099
17
21
-1.21261
18
21
-1.2806
19
21
-1.45519
20
21
-1.29486
21
21
-1.70967
22
21
-1.08446
23
21
-1.25363
24
21
-1.50308
25
21
-1.62443
26
21
-1.29704
27
21
-1.35777
28
21
-1.67248
29
21
-1.76104
30
21
-1.37027
31
21
-1.17368
32
21
-1.12592
33
21
-1.15636
34
21
-1.33889
35
21
-1.33279
36
21
-1.40682
37
21
-0.938782
38
21
-1.5064
39
21
-1.30151
40
21
-1.27836
41
21
-1.47621
42
21
-1.46615
43
21
-1.73786
44
21
-1.36198
45
21
-1.50711
46
21
-1.62536
47
21
-1.38031
48
21
-1.57292
49
21
-1.36222
50
21
-1.3915
51
21
-1.25072
52
21
-1.38613
0
22
-1.46698
1
22
-1.42711
2
22
-1.41227
3
22
-1.49231
4
22
-1.47544
5
22
-1.57667
6
22
-2.06037
7
22
-1.5754
8
22
-1.82662
9
22
-1.72978
10
22
-1.3077
11
22
-2.43192
12
22
-1.56667
13
22
-1.23165
14
22
-1.01763
15
22
-1.34892
16
22
-1.39219
17
22
-1.50449
18
22
-1.43649
19
22
-1.19923
20
22
-1.69196
21
22
-1.18948
22
22
-1.3349
23
22
-1.54367
24
22
-2.13723
25
22
-1.60198
26
22
-1.81495
27
22
-1.8484
28
22
-1.48705
29
22
-1.60877
30
22
-1.38128
31
22
-1.65457
32
22
-1.5808
33
22
-1.33726
34
22
-1.31452
35
22
-1.36028
36
22
-1.54997
37
22
-1.42446
38
22
-1.16772
39
22
-1.36532
40
22
-2.12081
41
22
-1.10147
42
22
-1.41717
43
22
-1.3124
44
22
-1.41747
45
22
-2.03414
46
22
-1.25581
47
22
-1.56931
48
22
-1.52481
49
22
-1.43363
50
22
-1.46893
51
22
-1.21344
52
22
-1.57142
0
23
-1.662
1
23
-2.04801
2
23
-1.57399
3
23
-2.26626
4
23
-1.42722
5
23
-1.37558
6
23
-1.42517
7
23
-1.76089
8
23
-1.17018
9
23
-1.65777
10
23
-1.51014
11
23
-2.56863
12
23
-1.38057
13
23
-1.22634
14
23
-1.53629
15
23
-1.14739
16
23
-1.58974
17
23
-1.01123
18
23
-1.09932
19
23
-1.2601
20
23
-1.08994
21
23
-1.44419
22
23
-1.3107
23
23
-1.22447
24
23
-1.19497
25
23
-1.22722
26
23
-1.17572
27
23
-1.52886
28
23
-1.37211
29
23
-1.16954
30
23
-1.73237
31
23
-1.19254
32
23
-1.56393
33
23
-1.32698
34
23
-1.39804
35
23
-1.69578
36
23
-1.38269
37
23
-0.999359
38
23
-1.68646
39
23
-1.3008
40
23
-1.75903
41
23
-1.49704
42
23
-1.45829
43
23
-1.74359
44
23
-1.54339
45
23
-2.69679
46
23
-1.18394
47
23
-1.21843
48
23
-1.71035
49
23
-1.44653
50
23
-1.26495
51
23
-1.16874
52
23
-1.15329
0
24
-1.60186
1
24
-1.44535
2
24
-1.50871
3
24
-1.60532
4
24
-1.52174
5
24
-1.3119
6
24
-1.76047
7
24
-1.17431
8
24
-2.10191
9
24
-1.27058
10
24
-1.88144
11
24
-1.21828
12
24
-1.71885
13
24
-1.16963
14
24
-1.16456
15
24
-1.56857
16
24
-1.43859
17
24
-1.8243
18
24
-1.30444
19
24
-1.09904
20
24
-1.56121
21
24
-0.958813
22
24
-1.5577
23
24
-1.20166
24
24
-1.55994
25
24
-2.19657
26
24
-1.37225
27
24
-1.4492
28
24
-1.26074
29
24
-1.43916
30
24
-1.16487
31
24
-1.40489
32
24
-1.64236
33
24
-1.40124
34
24
-1.32635
35
24
-1.5147
36
24
-1.92098
37
24
-1.34849
38
24
-1.86035
39
24
-1.77768
40
24
-1.43264
41
24
-2.11973
42
24
-1.30321
43
24
-1.15341
44
24
-1.68039
45
24
-1.58428
46
24
-1.17644
47
24
-1.18076
48
24
-1.20996
49
24
-1.28744
50
24
-1.34792
51
24
-1.28851
52
24
-0.688461
0
25
-1.51642
1
25
-1.90667
2
25
-1.47362
3
25
-1.17598
4
25
-1.39606
5
25
-1.36202
6
25
-1.88858
7
25
-1.45804
8
25
-1.27699
9
25
-1.94988
10
25
-1.66964
11
25
-1.31139
12
25
-1.24648
13
25
-1.6987
14
25
-1.23797
15
25
-1.29299
16
25
-1.11202
17
25
-1.26294
18
25
-1.69369
19
25
-1.0802
20
25
-1.35413
21
25
-1.14025
22
25
-0.735897
23
25
-1.48905
24
25
-1.15428
25
25
-1.36068
26
25
-1.84537
27
25
-2.09301
28
25
-1.72065
29
25
-1.2894
30
25
-1.37385
31
25
-1.43554
32
25
-1.93333
33
25
-1.13139
34
25
-1.09583
35
25
-1.44781
36
25
-1.52467
37
25
-1.49118
38
25
-1.23028
39
25
-1.3326
40
25
-1.45489
41
25
-1.33421
42
25
-1.36026
43
25
-1.1751
44
25
-1.76543
45
25
-1.30191
46
25
-1.00523
47
25
-1.36342
48
25
-2.16931
49
25
-1.30427
50
25
-1.69058
51
25
-1.35376
52
25
-1.73734
