0
0
-1.20618
1
0
-1.28714
2
0
-1.35543
3
0
-1.34258
4
0
-1.43144
5
0
-1.25922
6
0
-1.32503
7
0
-1.34208
8
0
-1.23131
9
0
-1.39361
10
0
-1.27901
11
0
-1.14116
12
0
-1.35755
13
0
-1.14221
14
0
-1.22686
15
0
-1.3748
16
0
-1.16166
17
0
-1.36864
18
0
-1.32422
19
0
-1.37237
20
0
-1.27223
21
0
-1.43723
22
0
-1.42563
23
0
-1.36881
24
0
-1.22061
25
0
-1.19354
26
0
-1.40987
27
0
-1.16871
28
0
-1.34508
29
0
-1.33943
30
0
-1.23621
31
0
-1.34399
32
0
-1.3286
33
0
-1.11494
34
0
-1.28411
35
0
-1.49994
36
0
-1.27235
37
0
-1.3196
38
0
-1.33462
39
0
-1.24629
40
0
-1.32285
41
0
-1.3351
42
0
-1.31972
43
0
-1.20645
44
0
-1.19455
45
0
-1.1452
46
0
-1.25916
47
0
-1.18693
48
0
-1.3159
49
0
-1.28407
50
0
-1.2796
51
0
-1.21393
52
0
-1.37849
0
1
-1.38234
1
1
-1.27926
2
1
-1.231
3
1
-1.35074
4
1
-1.27608
5
1
-1.22624
6
1
-1.25092
7
1
-1.30594
8
1
-1.3297
9
1
-1.23809
10
1
-1.15021
11
1
-1.38435
12
1
-1.26988
13
1
-1.13431
14
1
-1.20166
15
1
-1.12604
16
1
-1.28232
17
1
-1.13897
18
1
-1.34143
19
1
-1.36054
20
1
-1.27505
21
1
-1.27716
22
1
-1.10275
23
1
-1.29036
24
1
-1.34631
25
1
-1.40615
26
1
-1.35702
27
1
-1.13154
28
1
-1.3511
29
1
-1.14548
30
1
-1.28015
31
1
-1.42648
32
1
-1.19083
33
1
-1.42637
34
1
-1.22043
35
1
-1.18086
36
1
-1.31871
37
1
-1.1337
38
1
-1.27547
39
1
-1.10769
40
1
-1.19543
41
1
-1.3499
42
1
-1.4023
43
1
-1.35458
44
1
-1.31368
45
1
-1.27852
46
1
-1.34188
47
1
-1.27721
48
1
-1.1523
49
1
-1.31049
50
1
-1.24285
51
1
-1.39406
52
1
-1.42036
0
2
-1.25211
1
2
-1.23733
2
2
-1.20823
3
2
-1.24493
4
2
-1.37896
5
2
-1.28514
6
2
-1.40127
7
2
-1.2058
8
2
-1.3116
9
2
-1.27276
10
2
-1.27804
11
2
-1.19649
12
2
-1.22843
13
2
-1.34655
14
2
-1.11966
15
2
-1.17366
16
2
-1.35077
17
2
-1.33756
18
2
-1.32001
19
2
-1.30794
20
2
-1.28164
21
2
-1.21223
22
2
-1.34885
23
2
-1.20212
24
2
-1.12257
25
2
-1.18739
26
2
-1.29016
27
2
-1.24246
28
2
-1.17005
29
2
-1.25132
30
2
-1.1549
31
2
-1.31019
32
2
-1.30074
33
2
-1.22793
34
2
-1.18918
35
2
-1.37599
36
2
-1.27819
37
2
-1.10558
38
2
-1.44924
39
2
-1.20991
40
2
-1.39778
41
2
-1.43459
42
2
-1.47378
43
2
-1.25738
44
2
-1.13067
45
2
-1.25216
46
2
-1.38711
47
2
-1.26597
48
2
-1.32485
49
2
-1.31043
50
2
-1.29245
51
2
-1.28869
52
2
-1.26327
0
3
-1.3968
1
3
-1.14342
2
3
-1.22519
3
3
-1.15804
4
3
-1.3083
5
3
-1.30498
6
3
-1.15196
7
3
-1.38905
8
3
-1.33162
9
3
-1.35561
10
3
-1.38175
11
3
-1.26089
12
3
-1.21324
13
3
-1.18517
14
3
-1.2511
15
3
-1.23762
16
3
-1.28401
17
3
-1.37992
18
3
-1.33018
19
3
-1.37574
20
3
-1.34805
21
3
-1.40315
22
3
-1.36377
23
3
-1.16217
24
3
-1.33905
25
3
-1.41618
26
3
-1.41007
27
3
-1.21095
28
3
-1.39533
29
3
-1.39625
30
3
-1.21607
31
3
-1.29209
32
3
-1.40279
33
3
-1.17396
34
3
-1.32059
35
3
-1.15347
36
3
-1.22025
37
3
-1.26663
38
3
-1.13939
39
3
-1.35798
40
3
-1.28845
41
3
-1.33239
42
3
-1.21895
43
3
-1.17992
44
3
-1.20216
45
3
-1.28326
46
3
-1.18809
47
3
-1.26028
48
3
-1.29378
49
3
-1.32846
50
3
-1.24356
51
3
-1.34544
52
3
-1.24436
0
4
-1.32
1
4
-1.29051
2
4
-1.4406
3
4
-1.20834
4
4
-1.42825
5
4
-1.31305
6
4
-1.30845
7
4
-1.10378
8
4
-1.39936
9
4
-1.14611
10
4
-1.22419
11
4
-1.06881
12
4
-1.13689
13
4
-1.42597
14
4
-1.42824
15
4
-1.29165
16
4
-1.32028
17
4
-1.20941
18
4
-1.21752
19
4
-1.18909
20
4
-1.34685
21
4
-1.11905
22
4
-1.45432
23
4
-1.16248
24
4
-1.33271
25
4
-1.18886
26
4
-1.36256
27
4
-1.34754
28
4
-1.36796
29
4
-1.23446
30
4
-1.27811
31
4
-1.38787
32
4
-1.21097
33
4
-1.40879
34
4
-1.19152
35
4
-1.16546
36
4
-1.33476
37
4
-1.36306
38
4
-1.2826
39
4
-1.28567
40
4
-1.34036
41
4
-1.40629
42
4
-1.32975
43
4
-1.29736
44
4
-1.37037
45
4
-1.34125
46
4
-1.26795
47
4
-1.1767
48
4
-1.3063
49
4
-1.21806
50
4
-1.15831
51
4
-1.29921
52
4
-1.33503
0
5
-1.3434
1
5
-1.46553
2
5
-1.30976
3
5
-1.33763
4
5
-1.11213
5
5
-1.1584
6
5
-1.33616
7
5
-1.35401
8
5
-1.36464
9
5
-1.23752
10
5
-1.29664
11
5
-1.17608
12
5
-1.18286
13
5
-1.26743
14
5
-1.23788
15
5
-1.30877
16
5
-1.35418
17
5
-1.27436
18
5
-1.26116
19
5
-1.1659
20
5
-1.34022
21
5
-1.09167
22
5
-1.31662
23
5
-1.24497
24
5
-1.1878
25
5
-1.36207
26
5
-1.18308
27
5
-1.13777
28
5
-1.23102
29
5
-1.33528
30
5
-1.42979
31
5
-1.26375
32
5
-1.33367
33
5
-1.41598
34
5
-1.29368
35
5
-1.27718
36
5
-1.19858
37
5
-1.23295
38
5
-1.14712
39
5
-1.38667
40
5
-1.3898
41
5
-1.34474
42
5
-1.26208
43
5
-1.19787
44
5
-1.26425
45
5
-1.33841
46
5
-1.20602
47
5
-1.18534
48
5
-1.29663
49
5
-1.07933
50
5
-1.22923
51
5
-1.16068
52
5
-1.22578
0
6
-1.29602
1
6
-1.50114
2
6
-1.3784
3
6
-1.39108
4
6
-1.32879
5
6
-1.41551
6
6
-1.17679
7
6
-1.30982
8
6
-1.36797
9
6
-1.13107
10
6
-1.38045
11
6
-1.21159
12
6
-1.1198
13
6
-1.20299
14
6
-1.33259
15
6
-1.14549
16
6
-1.22161
17
6
-1.25872
18
6
-1.23949
19
6
-1.41976
20
6
-1.28439
21
6
-1.24563
22
6
-1.34776
23
6
-1.32707
24
6
-1.24753
25
6
-1.21828
26
6
-1.21873
27
6
-1.16837
28
6
-1.30289
29
6
-1.27949
30
6
-1.25161
31
6
-1.15996
32
6
-1.25602
33
6
-1.30919
34
6
-1.13565
35
6
-1.4149
36
6
-1.39118
37
6
-1.36376
38
6
-1.37357
39
6
-1.35435
40
6
-1.14928
41
6
-1.30518
42
6
-1.24481
43
6
-1.23536
44
6
-1.22598
45
6
-1.18476
46
6
-1.37544
47
6
-1.27152
48
6
-1.36675
49
6
-1.19974
50
6
-1.3918
51
6
-1.3047
52
6
-1.21311
0
7
-1.41025
1
7
-1.32615
2
7
-1.44279
3
7
-1.39284
4
7
-1.18145
5
7
-1.3497
6
7
-1.36698
7
7
-1.29308
8
7
-1.33947
9
7
-1.21437
10
7
-1.3368
11
7
-1.35844
12
7
-1.17237
13
7
-1.24425
14
7
-1.23777
15
7
-1.24638
16
7
-1.42643
17
7
-1.36232
18
7
-1.32729
19
7
-1.28884
20
7
-1.3728
21
7
-1.26593
22
7
-1.28715
23
7
-1.38514
24
7
-1.36736
25
7
-1.18199
26
7
-1.37764
27
7
-1.23416
28
7
-1.31419
29
7
-1.15307
30
7
-1.34542
31
7
-1.35915
32
7
-1.17207
33
7
-1.37306
34
7
-1.22441
35
7
-1.38599
36
7
-1.30747
37
7
-1.3869
38
7
-1.3289
39
7
-1.29954
40
7
-1.28306
41
7
-1.30309
42
7
-1.25569
43
7
-1.18589
44
7
-1.21259
45
7
-1.2073
46
7
-1.18393
47
7
-1.31977
48
7
-1.22391
49
7
-1.3438
50
7
-1.26383
51
7
-1.35122
52
7
-1.40883
0
8
-1.24663
1
8
-1.43292
2
8
-1.25205
3
8
-1.24625
4
8
-1.31065
5
8
-1.22529
6
8
-1.305
7
8
-1.23006
8
8
-1.29523
9
8
-1.3175
10
8
-1.40144
11
8
-1.39689
12
8
-1.23072
13
8
-1.37658
14
8
-1.35887
15
8
-1.40239
16
8
-1.22119
17
8
-1.40405
18
8
-1.25422
19
8
-1.24488
20
8
-1.37264
21
8
-1.36337
22
8
-1.34822
23
8
-1.3696
24
8
-1.24331
25
8
-1.25151
26
8
-1.24356
27
8
-1.31782
28
8
-1.13832
29
8
-1.1274
30
8
-1.33502
31
8
-1.22082
32
8
-1.33972
33
8
-1.41372
34
8
-1.38835
35
8
-1.34755
36
8
-1.22488
37
8
-1.22027
38
8
-1.1552
39
8
-1.31371
40
8
-1.24302
41
8
-1.26453
42
8
-1.34046
43
8
-1.34792
44
8
-1.33692
45
8
-1.21638
46
8
-1.17838
47
8
-1.23118
48
8
-1.13503
49
8
-1.3418
50
8
-1.33435
51
8
-1.17813
52
8
-1.10719
0
9
-1.18885
1
9
-1.17404
2
9
-1.34217
3
9
-1.40504
4
9
-1.31226
5
9
-1.20311
6
9
-1.19192
7
9
-1.16177
8
9
-1.28511
9
9
-1.26625
10
9
-1.4294
11
9
-1.27556
12
9
-1.31728
13
9
-1.33467
14
9
-1.40886
15
9
-1.26536
16
9
-1.22262
17
9
-1.26455
18
9
-1.18881
19
9
-1.43926
20
9
-1.36829
21
9
-1.11081
22
9
-1.21888
23
9
-1.34025
24
9
-1.32265
25
9
-1.28787
26
9
-1.37333
27
9
-1.41965
28
9
-1.31963
29
9
-1.1871
30
9
-1.19651
31
9
-1.19438
32
9
-1.20589
33
9
-1.11056
34
9
-1.4265
35
9
-1.20651
36
9
-1.39961
37
9
-1.20393
38
9
-1.18316
39
9
-1.2454
40
9
-1.37323
41
9
-1.46123
42
9
-1.27608
43
9
-1.3047
44
9
-1.20552
45
9
-1.2981
46
9
-1.40536
47
9
-1.1089
48
9
-1.28808
49
9
-1.14711
50
9
-1.17607
51
9
-1.39702
52
9
-1.32782
0
10
-1.13847
1
10
-1.20225
2
10
-1.12686
3
10
-1.17831
4
10
-1.22116
5
10
-1.40481
6
10
-1.25831
7
10
-1.35696
8
10
-1.3417
9
10
-1.39043
10
10
-1.336
11
10
-1.40687
12
10
-1.31937
13
10
-1.4254
14
10
-1.2687
15
10
-1.28739
16
10
-1.37085
17
10
-1.28122
18
10
-1.31158
19
10
-1.3768
20
10
-1.10144
21
10
-1.18728
22
10
-1.23508
23
10
-1.38801
24
10
-1.23861
25
10
-1.27411
26
10
-1.28836
27
10
-1.30184
28
10
-1.26441
29
10
-1.1472
30
10
-1.1423
31
10
-1.29332
32
10
-1.24154
33
10
-1.37413
34
10
-1.32921
35
10
-1.24377
36
10
-1.35217
37
10
-1.36816
38
10
-1.25957
39
10
-1.36543
40
10
-1.3418
41
10
-1.36544
42
10
-1.25881
43
10
-1.38715
44
10
-1.30171
45
10
-1.3624
46
10
-1.32361
47
10
-1.10902
48
10
-1.35757
49
10
-1.19196
50
10
-1.35666
51
10
-1.14271
52
10
-1.2199
0
11
-1.36992
1
11
-1.24484
2
11
-1.18735
3
11
-1.23466
4
11
-1.21393
5
11
-1.43364
6
11
-1.24281
7
11
-1.27893
8
11
-1.29971
9
11
-1.23517
10
11
-1.33889
11
11
-1.36245
12
11
-1.2616
13
11
-1.34022
14
11
-1.24494
15
11
-1.37987
16
11
-1.34121
17
11
-1.40265
18
11
-1.24186
19
11
-1.33084
20
11
-1.17969
21
11
-1.35385
22
11
-1.18669
23
11
-1.20134
24
11
-1.37182
25
11
-1.29805
26
11
-1.29993
27
11
-1.14336
28
11
-1.21279
29
11
-1.18493
30
11
-1.35332
31
11
-1.34783
32
11
-1.35429
33
11
-1.30562
34
11
-1.38455
35
11
-1.33809
36
11
-1.17732
37
11
-1.33308
38
11
-1.33395
39
11
-1.36662
40
11
-1.13858
41
11
-1.37264
42
11
-1.29181
43
11
-1.29716
44
11
-1.48161
45
11
-1.26675
46
11
-1.29723
47
11
-1.40266
48
11
-1.23357
49
11
-1.17826
50
11
-1.10329
51
11
-1.3956
52
11
-1.32021
0
12
-1.15045
1
12
-1.15069
2
12
-1.28726
3
12
-1.1886
4
12
-1.34294
5
12
-1.22863
6
12
-1.45659
7
12
-1.21718
8
12
-1.16282
9
12
-1.27467
10
12
-1.35305
11
12
-1.22346
12
12
-1.14982
13
12
-1.21222
14
12
-1.35134
15
12
-1.41341
16
12
-1.38145
17
12
-1.13774
18
12
-1.21997
19
12
-1.1996
20
12
-1.36458
21
12
-1.27608
22
12
-1.42917
23
12
-1.30499
24
12
-1.30756
25
12
-1.27229
26
12
-1.30279
27
12
-1.41156
28
12
-1.21471
29
12
-1.16925
30
12
-1.20178
31
12
-1.33984
32
12
-1.3752
33
12
-1.28703
34
12
-1.29013
35
12
-1.32061
36
12
-1.20431
37
12
-1.23489
38
12
-1.27637
39
12
-1.47015
40
12
-1.2688
41
12
-1.18936
42
12
-1.34956
43
12
-1.38629
44
12
-1.2082
45
12
-1.37627
46
12
-1.26636
47
12
-1.20216
48
12
-1.33176
49
12
-1.28533
50
12
-1.2209
51
12
-1.22012
52
12
-1.39698
0
13
-1.33713
1
13
-1.37063
2
13
-1.46678
3
13
-1.1947
4
13
-1.3327
5
13
-1.35454
6
13
-1.2844
7
13
-1.40694
8
13
-1.34179
9
13
-1.28931
10
13
-1.33084
11
13
-1.33911
12
13
-1.31267
13
13
-1.26648
14
13
-1.24456
15
13
-1.25022
16
13
-1.17766
17
13
-1.32868
18
13
-1.19985
19
13
-1.20838
20
13
-1.43089
21
13
-1.19997
22
13
-1.22986
23
13
-1.42187
24
13
-1.32415
25
13
-1.22252
26
13
-1.16377
27
13
-1.32216
28
13
-1.163
29
13
-1.31224
30
13
-1.3141
31
13
-1.23514
32
13
-1.10449
33
13
-1.3021
34
13
-1.2786
35
13
-1.34948
36
13
-1.3636
37
13
-1.31393
38
13
-1.23
39
13
-1.13394
40
13
-1.26502
41
13
-1.20915
42
13
-1.2556
43
13
-1.28726
44
13
-1.40384
45
13
-1.32291
46
13
-1.31563
47
13
-1.34945
48
13
-1.31745
49
13
-1.30292
50
13
-1.08873
51
13
-1.14404
52
13
-1.41061
0
14
-1.36578
1
14
-1.31826
2
14
-1.23218
3
14
-1.17687
4
14
-1.36705
5
14
-1.18632
6
14
-1.19974
7
14
-1.33114
8
14
-1.18509
9
14
-1.40304
10
14
-1.38586
11
14
-1.30794
12
14
-1.2663
13
14
-1.24933
14
14
-1.35132
15
14
-1.22378
16
14
-1.2014
17
14
-1.31804
18
14
-1.34723
19
14
-1.2166
20
14
-1.25801
21
14
-1.15474
22
14
-1.17528
23
14
-1.20884
24
14
-1.26104
25
14
-1.41242
26
14
-1.24681
27
14
-1.23658
28
14
-1.44708
29
14
-1.17206
30
14
-1.21559
31
14
-1.40933
32
14
-1.34234
33
14
-1.37429
34
14
-1.43795
35
14
-1.33248
36
14
-1.2123
37
14
-1.29321
38
14
-1.26035
39
14
-1.2639
40
14
-1.15111
41
14
-1.35114
42
14
-1.34182
43
14
-1.14532
44
14
-1.3919
45
14
-1.30807
46
14
-1.40817
47
14
-1.36124
48
14
-1.25795
49
14
-1.11718
50
14
-1.31825
51
14
-1.26507
52
14
-1.33609
0
15
-1.43021
1
15
-1.26063
2
15
-1.28562
3
15
-1.15753
4
15
-1.3286
5
15
-1.38269
6
15
-1.26267
7
15
-1.4412
8
15
-1.3152
9
15
-1.38628
10
15
-1.38462
11
15
-1.27628
12
15
-1.20856
13
15
-1.2163
14
15
-1.27129
15
15
-1.36687
16
15
-1.25929
17
15
-1.4131
18
15
-1.42571
19
15
-1.39503
20
15
-1.36226
21
15
-1.33512
22
15
-1.35656
23
15
-1.22656
24
15
-1.09564
25
15
-1.34925
26
15
-1.40716
27
15
-1.21083
28
15
-1.26383
29
15
-1.36905
30
15
-1.16945
31
15
-1.2285
32
15
-1.34653
33
15
-1.29247
34
15
-1.34705
35
15
-1.09422
36
15
-1.16221
37
15
-1.39217
38
15
-1.24083
39
15
-1.10894
40
15
-1.35638
41
15
-1.37932
42
15
-1.13756
43
15
-1.30331
44
15
-1.28526
45
15
-1.29766
46
15
-1.37256
47
15
-1.30418
48
15
-1.28808
49
15
-1.30435
50
15
-1.30285
51
15
-1.41827
52
15
-1.23216
0
16
-1.2311
1
16
-1.36926
2
16
-1.43956
3
16
-1.19445
4
16
-1.26816
5
16
-1.31848
6
16
-1.18714
7
16
-1.21978
8
16
-1.17018
9
16
-1.25922
10
16
-1.37429
11
16
-1.31936
12
16
-1.19014
13
16
-1.35109
14
16
-1.28363
15
16
-1.3628
16
16
-1.33502
17
16
-1.21885
18
16
-1.28927
19
16
-1.15724
20
16
-1.29286
21
16
-1.35185
22
16
-1.38899
23
16
-1.084
24
16
-1.25066
25
16
-1.34444
26
16
-1.24032
27
16
-1.3977
28
16
-1.14626
29
16
-1.43579
30
16
-1.32955
31
16
-1.30876
32
16
-1.17107
33
16
-1.27574
34
16
-1.42598
35
16
-1.1592
36
16
-1.27927
37
16
-1.18873
38
16
-1.20041
39
16
-1.31994
40
16
-1.27103
41
16
-1.37807
42
16
-1.40695
43
16
-1.40062
44
16
-1.23545
45
16
-1.20751
46
16
-1.23435
47
16
-1.26711
48
16
-1.26026
49
16
-1.35907
50
16
-1.25662
51
16
-1.40481
52
16
-1.25217
0
17
-1.19248
1
17
-1.24939
2
17
-1.4338
3
17
-1.22295
4
17
-1.22499
5
17
-1.24734
6
17
-1.27898
7
17
-1.11769
8
17
-1.40577
9
17
-1.28173
10
17
-1.18628
11
17
-1.40439
12
17
-1.28453
13
17
-1.43451
14
17
-1.28092
15
17
-1.34022
16
17
-1.09656
17
17
-1.36579
18
17
-1.37214
19
17
-1.42411
20
17
-1.16894
21
17
-1.40112
22
17
-1.25909
23
17
-1.32498
24
17
-1.30928
25
17
-1.28128
26
17
-1.22624
27
17
-1.29404
28
17
-1.38436
29
17
-1.28246
30
17
-1.26604
31
17
-1.31261
32
17
-1.17731
33
17
-1.18534
34
17
-1.08028
35
17
-1.18313
36
17
-1.34737
37
17
-1.24308
38
17
-1.41386
39
17
-1.12643
40
17
-1.23619
41
17
-1.3458
42
17
-1.33967
43
17
-1.3083
44
17
-1.18801
45
17
-1.16806
46
17
-1.31142
47
17
-1.12663
48
17
-1.3257
49
17
-1.22506
50
17
-1.35603
51
17
-1.41494
52
17
-1.30038
0
18
-1.21116
1
18
-1.14569
2
18
-1.36524
3
18
-1.21036
4
18
-1.19834
5
18
-1.30742
6
18
-1.28777
7
18
-1.38147
8
18
-1.27382
9
18
-1.37196
10
18
-1.35741
11
18
-1.38413
12
18
-1.27267
13
18
-1.3031
14
18
-1.30837
15
18
-1.3445
16
18
-1.39852
17
18
-1.21808
18
18
-1.28214
19
18
-1.36556
20
18
-1.34126
21
18
-1.18959
22
18
-1.349
23
18
-1.28947
24
18
-1.25213
25
18
-1.19192
26
18
-1.35911
27
18
-1.35453
28
18
-1.43481
29
18
-1.18056
30
18
-1.16204
31
18
-1.39061
32
18
-1.35454
33
18
-1.17233
34
18
-1.37221
35
18
-1.39985
36
18
-1.17071
37
18
-1.26013
38
18
-1.4666
39
18
-1.25433
40
18
-1.15327
41
18
-1.25391
42
18
-1.41734
43
18
-1.12556
44
18
-1.43695
45
18
-1.37992
46
18
-1.13401
47
18
-1.12614
48
18
-1.20886
49
18
-1.42515
50
18
-1.08983
51
18
-1.34958
52
18
-1.33401
0
19
-1.2791
1
19
-1.18292
2
19
-1.20284
3
19
-1.25912
4
19
-1.21632
5
19
-1.27292
6
19
-1.36661
7
19
-1.23579
8
19
-1.35935
9
19
-1.20294
10
19
-1.33459
11
19
-1.17757
12
19
-1.44333
13
19
-1.26148
14
19
-1.22888
15
19
-1.25369
16
19
-1.2289
17
19
-1.41747
18
19
-1.32116
19
19
-1.39447
20
19
-1.26672
21
19
-1.15539
22
19
-1.28159
23
19
-1.27128
24
19
-1.35671
25
19
-1.0694
26
19
-1.27366
27
19
-1.1605
28
19
-1.19171
29
19
-1.27615
30
19
-1.26511
31
19
-1.27464
32
19
-1.34977
33
19
-1.36259
34
19
-1.36949
35
19
-1.27396
36
19
-1.24905
37
19
-1.37409
38
19
-1.39347
39
19
-1.16226
40
19
-1.24038
41
19
-1.32217
42
19
-1.40321
43
19
-1.37494
44
19
-1.26987
45
19
-1.22597
46
19
-1.21366
47
19
-1.24735
48
19
-1.15699
49
19
-1.28672
50
19
-1.33915
51
19
-1.30886
52
19
-1.21731
0
20
-1.12852
1
20
-1.38453
2
20
-1.24617
3
20
-1.43289
4
20
-1.22912
5
20
-1.29688
6
20
-1.37037
7
20
-1.21666
8
20
-1.30637
9
20
-1.31397
10
20
-1.26944
11
20
-1.15957
12
20
-1.2953
13
20
-1.1471
14
20
-1.43219
15
20
-1.33449
16
20
-1.28496
17
20
-1.41452
18
20
-1.24041
19
20
-1.15704
20
20
-1.29261
21
20
-1.45293
22
20
-1.41305
23
20
-1.25551
24
20
-1.16489
25
20
-1.21563
26
20
-1.27947
27
20
-1.2951
28
20
-1.23261
29
20
-1.3931
30
20
-1.17837
31
20
-1.21844
32
20
-1.30725
33
20
-1.22929
34
20
-1.21321
35
20
-1.43207
36
20
-1.42054
37
20
-1.40662
38
20
-1.21173
39
20
-1.15507
40
20
-1.20156
41
20
-1.30753
42
20
-1.37325
43
20
-1.22592
44
20
-1.36858
45
20
-1.24663
46
20
-1.14389
47
20
-1.29407
48
20
-1.24737
49
20
-1.39258
50
20
-1.22116
51
20
-1.35445
52
20
-1.35994
0
21
-1.31755
1
21
-1.2835
2
21
-1.34522
3
21
-1.16262
4
21
-1.24382
5
21
-1.25004
6
21
-1.26534
7
21
-1.31702
8
21
-1.20083
9
21
-1.31216
10
21
-1.31809
11
21
-1.29601
12
21
-1.1083
13
21
-1.35074
14
21
-1.25472
15
21
-1.39297
16
21
-1.10186
17
21
-1.41774
18
21
-1.22553
19
21
-1.19585
20
21
-1.29911
21
21
-1.24694
22
21
-1.20621
23
21
-1.43888
24
21
-1.40136
25
21
-1.43513
26
21
-1.15479
27
21
-1.24261
28
21
-1.29804
29
21
-1.22615
30
21
-1.3107
31
21
-1.32723
32
21
-1.30431
33
21
-1.30404
34
21
-1.31511
35
21
-1.20672
36
21
-1.18754
37
21
-1.38835
38
21
-1.3841
39
21
-1.40092
40
21
-1.46626
41
21
-1.19174
42
21
-1.07636
43
21
-1.28447
44
21
-1.39574
45
21
-1.20903
46
21
-1.39213
47
21
-1.2752
48
21
-1.29454
49
21
-1.34031
50
21
-1.22743
51
21
-1.27454
52
21
-1.19794
0
22
-1.20806
1
22
-1.22037
2
22
-1.19126
3
22
-1.19064
4
22
-1.31549
5
22
-1.18405
6
22
-1.08158
7
22
-1.3203
8
22
-1.32012
9
22
-1.21023
10
22
-1.14218
11
22
-1.28661
12
22
-1.22086
13
22
-1.27292
14
22
-1.31677
15
22
-1.32856
16
22
-1.41809
17
22
-1.33054
18
22
-1.33396
19
22
-1.31468
20
22
-1.41769
21
22
-1.11459
22
22
-1.4774
23
22
-1.31829
24
22
-1.28977
25
22
-1.36795
26
22
-1.19324
27
22
-1.37093
28
22
-1.11204
29
22
-1.25894
30
22
-1.26606
31
22
-1.20506
32
22
-1.2279
33
22
-1.40394
34
22
-1.43029
35
22
-1.39288
36
22
-1.15331
37
22
-1.37664
38
22
-1.20016
39
22
-1.16657
40
22
-1.40829
41
22
-1.3846
42
22
-1.29648
43
22
-1.09794
44
22
-1.45459
45
22
-1.32812
46
22
-1.25984
47
22
-1.30826
48
22
-1.14782
49
22
-1.32937
50
22
-1.28882
51
22
-1.11522
52
22
-1.29017
0
23
-1.43089
1
23
-1.23764
2
23
-1.37661
3
23
-1.13288
4
23
-1.34414
5
23
-1.27198
6
23
-1.39264
7
23
-1.26109
8
23
-1.21245
9
23
-1.24064
10
23
-1.24059
11
23
-1.30463
12
23
-1.41815
13
23
-1.2587
14
23
-1.22471
15
23
-1.22026
16
23
-1.40786
17
23
-1.19105
18
23
-1.39055
19
23
-1.25013
20
23
-1.35976
21
23
-1.25366
22
23
-1.21257
23
23
-1.38275
24
23
-1.34798
25
23
-1.33394
26
23
-1.31597
27
23
-1.48819
28
23
-1.30887
29
23
-1.42764
30
23
-1.18291
31
23
-1.32262
32
23
-1.30057
33
23
-1.29678
34
23
-1.23239
35
23
-1.42702
36
23
-1.30138
37
23
-1.31691
38
23
-1.14604
39
23
-1.17445
40
23
-1.35087
41
23
-1.24261
42
23
-1.2646
43
23
-1.39715
44
23
-1.18274
45
23
-1.36554
46
23
-1.17973
47
23
-1.35865
48
23
-1.40327
49
23
-1.32204
50
23
-1.34296
51
23
-1.19526
52
23
-1.38209
0
24
-1.39465
1
24
-1.32586
2
24
-1.29775
3
24
-1.34272
4
24
-1.19286
5
24
-1.4046
6
24
-1.15893
7
24
-1.17446
8
24
-1.25384
9
24
-1.25074
10
24
-1.38909
11
24
-1.30563
12
24
-1.32656
13
24
-1.26959
14
24
-1.24735
15
24
-1.34921
16
24
-1.19563
17
24
-1.1867
18
24
-1.32066
19
24
-1.40271
20
24
-1.30353
21
24
-1.16881
22
24
-1.35745
23
24
-1.3142
24
24
-1.35291
25
24
-1.33654
26
24
-1.35838
27
24
-1.21037
28
24
-1.26146
29
24
-1.20103
30
24
-1.35769
31
24
-1.17348
32
24
-1.2556
33
24
-1.23621
34
24
-1.32741
35
24
-1.36522
36
24
-1.2196
37
24
-1.2608
38
24
-1.29874
39
24
-1.17166
40
24
-1.27377
41
24
-1.48527
42
24
-1.27387
43
24
-1.23038
44
24
-1.24806
45
24
-1.18886
46
24
-1.27533
47
24
-1.34355
48
24
-1.29356
49
24
-1.15252
50
24
-1.14449
51
24
-1.33522
52
24
-1.41747
0
25
-1.17746
1
25
-1.19002
2
25
-1.20265
3
25
-1.38099
4
25
-1.30854
5
25
-1.4192
6
25
-1.35615
7
25
-1.22406
8
25
-1.42277
9
25
-1.26531
10
25
-1.33959
11
25
-1.28501
12
25
-1.25516
13
25
-1.31642
14
25
-1.4385
15
25
-1.30598
16
25
-1.20501
17
25
-1.33404
18
25
-1.15229
19
25
-1.30277
20
25
-1.12689
21
25
-1.2315
22
25
-1.28276
23
25
-1.27812
24
25
-1.14768
25
25
-1.17643
26
25
-1.14101
27
25
-1.37117
28
25
-1.31106
29
25
-1.33397
30
25
-1.28245
31
25
-1.24109
32
25
-1.23101
33
25
-1.32015
34
25
-1.1452
35
25
-1.16157
36
25
-1.25545
37
25
-1.21885
38
25
-1.36566
39
25
-1.29548
40
25
-1.36506
41
25
-1.37125
42
25
-1.28486
43
25
-1.18335
44
25
-1.41415
45
25
-1.20704
46
25
-1.3251
47
25
-1.22425
48
25
-1.23258
49
25
-1.25082
50
25
-1.33923
51
25
-1.25788
52
25
-1.1364
