0
0
-1.19344
1
0
-1.30118
2
0
-1.17208
3
0
-1.40328
4
0
-1.32193
5
0
-1.44109
6
0
-1.16858
7
0
-1.29107
8
0
-1.37826
9
0
-1.12681
10
0
-1.30484
11
0
-1.23114
12
0
-1.29467
13
0
-1.36077
14
0
-1.36212
15
0
-1.34255
16
0
-1.21214
17
0
-1.06092
18
0
-1.29661
19
0
-1.28655
20
0
-1.15922
21
0
-1.28938
22
0
-1.36579
23
0
-1.26641
24
0
-1.31905
25
0
-1.3329
26
0
-1.34899
27
0
-1.30515
28
0
-1.1709
29
0
-1.21499
30
0
-1.08026
31
0
-1.14627
32
0
-1.35208
33
0
-1.24238
34
0
-1.28048
35
0
-1.42274
36
0
-1.35205
37
0
-0.995201
38
0
-1.1831
39
0
-1.29569
40
0
-1.47755
41
0
-1.33776
42
0
-1.2895
43
0
-1.15773
44
0
-1.34711
45
0
-1.32633
46
0
-1.15632
47
0
-1.28983
48
0
-1.10426
49
0
-1.38249
50
0
-1.43182
51
0
-1.24207
52
0
-0.73043
0
1
-1.22507
1
1
-1.35485
2
1
-1.27478
3
1
-1.14835
4
1
-1.15562
5
1
-1.41488
6
1
-1.21259
7
1
-1.22973
8
1
-1.23836
9
1
-1.11416
10
1
-1.18349
11
1
-1.20907
12
1
-1.25363
13
1
-1.3965
14
1
-1.22274
15
1
-1.34143
16
1
-1.27737
17
1
-1.43137
18
1
-1.08966
19
1
-1.25088
20
1
-1.30318
21
1
-1.38117
22
1
-1.13542
23
1
-1.46029
24
1
-1.10273
25
1
-1.19311
26
1
-1.38809
27
1
-1.20322
28
1
-1.2768
29
1
-1.17762
30
1
-1.41836
31
1
-1.42487
32
1
-1.28705
33
1
-1.21879
34
1
-1.36619
35
1
-1.36579
36
1
-1.28199
37
1
-1.29167
38
1
-1.2565
39
1
-1.40438
40
1
-0.985232
41
1
-1.27619
42
1
-1.37461
43
1
-1.39643
44
1
-1.35528
45
1
-1.12687
46
1
-1.33881
47
1
-1.16698
48
1
-1.30933
49
1
-1.2956
50
1
-1.13434
51
1
-1.16286
52
1
-1.33218
0
2
-1.21295
1
2
-1.13632
2
2
-1.28827
3
2
-1.26774
4
2
-1.20499
5
2
-1.42928
6
2
-1.35026
7
2
-1.34858
8
2
-1.36573
9
2
-1.22226
10
2
-1.32068
11
2
-1.16769
12
2
-1.27124
13
2
-1.32369
14
2
-1.20274
15
2
-1.19248
16
2
-1.23735
17
2
-0.916483
18
2
-1.1473
19
2
-1.22221
20
2
-1.15437
21
2
-1.33429
22
2
-1.36571
23
2
-1.26803
24
2
-1.33143
25
2
-1.18915
26
2
-1.19116
27
2
-1.30253
28
2
-1.28902
29
2
-1.18249
30
2
-0.88702
31
2
-1.2387
32
2
-1.3179
33
2
-0.570643
34
2
-1.29519
35
2
-1.29189
36
2
-1.43184
37
2
-1.23265
38
2
-1.38465
39
2
-1.23869
40
2
-1.32391
41
2
-1.34612
42
2
-1.16505
43
2
-1.32103
44
2
-1.32753
45
2
-1.13871
46
2
-1.19265
47
2
-1.25597
48
2
-1.2765
49
2
-1.19934
50
2
-1.32482
51
2
-1.2923
52
2
-1.10226
0
3
-1.31476
1
3
-1.31465
2
3
-1.27848
3
3
-1.12543
4
3
-1.24014
5
3
-1.09918
6
3
-1.29275
7
3
-1.40794
8
3
-1.19282
9
3
-1.23323
10
3
-1.41904
11
3
-1.19518
12
3
-1.3246
13
3
-1.31118
14
3
-1.17561
15
3
-1.2299
16
3
-1.40007
17
3
-1.32144
18
3
-1.36999
19
3
-1.17261
20
3
-1.26761
21
3
-1.33747
22
3
-1.265
23
3
-1.26505
24
3
-1.17566
25
3
-1.22645
26
3
-1.35164
27
3
-1.41422
28
3
-1.15727
29
3
-1.13342
30
3
-1.08654
31
3
-1.20388
32
3
-1.40653
33
3
-1.36583
34
3
-1.18633
35
3
-1.28339
36
3
-1.26459
37
3
-1.39589
38
3
-1.25996
39
3
-1.22057
40
3
-1.44667
41
3
-1.05694
42
3
-1.43594
43
3
-1.08242
44
3
-1.32252
45
3
-1.23575
46
3
-1.06304
47
3
-1.33857
48
3
-1.22889
49
3
-1.27466
50
3
-1.32384
51
3
-1.25886
52
3
-1.33627
0
4
-1.24119
1
4
-1.23779
2
4
-1.09102
3
4
-1.30591
4
4
-1.18751
5
4
-1.18577
6
4
-1.22806
7
4
-1.31375
8
4
-0.911332
9
4
-1.1649
10
4
-1.2567
11
4
-1.15029
12
4
-1.43772
13
4
-1.29835
14
4
-1.11212
15
4
-1.19095
16
4
-1.26078
17
4
-1.25418
18
4
-1.26597
19
4
-1.14501
20
4
-1.23021
21
4
-1.20198
22
4
-1.21631
23
4
-1.12007
24
4
-1.10894
25
4
-1.24117
26
4
-1.3163
27
4
-1.34316
28
4
-1.18841
29
4
-1.36591
30
4
-1.26897
31
4
-1.39297
32
4
-1.41554
33
4
-1.12617
34
4
-1.13227
35
4
-1.0994
36
4
-1.18257
37
4
-1.41201
38
4
-1.23723
39
4
-1.17712
40
4
-1.16952
41
4
-1.38287
42
4
-1.20196
43
4
-0.98808
44
4
-1.42206
45
4
-1.3285
46
4
-1.25741
47
4
-1.37277
48
4
-1.25987
49
4
-1.24853
50
4
-1.33253
51
4
-1.30445
52
4
-1.19385
0
5
-1.3225
1
5
-1.15284
2
5
-1.32726
3
5
-1.2269
4
5
-1.2646
5
5
-1.27007
6
5
-1.30641
7
5
-1.37451
8
5
-1.42857
9
5
-1.2632
10
5
-1.3935
11
5
-1.30274
12
5
-1.21314
13
5
-1.2563
14
5
-1.37055
15
5
-1.13829
16
5
-1.29588
17
5
-1.13518
18
5
-1.15242
19
5
-1.24912
20
5
-1.27299
21
5
-1.33662
22
5
-1.3711
23
5
-1.50396
24
5
-1.07202
25
5
-1.2017
26
5
-1.16412
27
5
-1.17255
28
5
-1.21846
29
5
-1.29899
30
5
-1.26426
31
5
-1.37151
32
5
-1.36297
33
5
-1.24062
34
5
-1.25061
35
5
-1.16553
36
5
-1.11108
37
5
-1.25136
38
5
-1.17884
39
5
-1.37935
40
5
-1.43096
41
5
-1.3811
42
5
-1.14619
43
5
-1.21688
44
5
-1.45442
45
5
-1.10904
46
5
-1.25933
47
5
-1.41531
48
5
-0.846046
49
5
-0.83141
50
5
-1.14745
51
5
-1.1706
52
5
-1.26849
0
6
-1.20567
1
6
-1.31516
2
6
-1.31027
3
6
-1.26262
4
6
-1.20991
5
6
-1.22603
6
6
-1.21831
7
6
-1.2669
8
6
-1.14661
9
6
-1.07545
10
6
-1.21225
11
6
-1.3376
12
6
-1.32134
13
6
-1.18693
14
6
-1.34147
15
6
-1.23682
16
6
-1.31535
17
6
-0.971518
18
6
-1.38624
19
6
-1.26221
20
6
-1.09155
21
6
-1.26225
22
6
-1.39182
23
6
-1.17136
24
6
-1.14709
25
6
-1.29989
26
6
-1.17554
27
6
-1.17331
28
6
-1.44511
29
6
-1.23631
30
6
-1.36317
31
6
-1.23542
32
6
-1.16037
33
6
-1.37105
34
6
-1.18602
35
6
-1.23106
36
6
-1.33992
37
6
-1.03873
38
6
-1.15522
39
6
-1.39016
40
6
-1.25209
41
6
-1.28908
42
6
-1.2506
43
6
-1.07492
44
6
-1.22167
45
6
-1.34047
46
6
-1.26184
47
6
-1.38497
48
6
-1.39779
49
6
-1.32203
50
6
-1.27017
51
6
-1.11705
52
6
-1.18985
0
7
-1.31683
1
7
-1.16725
2
7
-1.25244
3
7
-1.27289
4
7
-1.17333
5
7
-1.22608
6
7
-1.19516
7
7
-1.18121
8
7
-1.25156
9
7
-1.33189
10
7
-1.15595
11
7
-1.19194
12
7
-1.31484
13
7
-1.21303
14
7
-1.38042
15
7
-1.12916
16
7
-1.25185
17
7
-1.29279
18
7
-1.37171
19
7
-1.18471
20
7
-0.98925
21
7
-1.22411
22
7
-1.3509
23
7
-1.20617
24
7
-1.17812
25
7
-1.3385
26
7
-1.10987
27
7
-1.41197
28
7
-1.13088
29
7
-1.25052
30
7
-1.38968
31
7
-1.24089
32
7
-1.30171
33
7
-1.25666
34
7
-1.13427
35
7
-1.19536
36
7
-1.30888
37
7
-1.41479
38
7
-1.34875
39
7
-1.32802
40
7
-1.23852
41
7
-1.1977
42
7
-1.37181
43
7
-1.358
44
7
-1.14306
45
7
-1.24314
46
7
-1.18949
47
7
-1.13347
48
7
-1.3232
49
7
-1.18785
50
7
-1.39969
51
7
-1.37941
52
7
-1.33316
0
8
-1.37711
1
8
-1.28782
2
8
-1.34416
3
8
-1.14848
4
8
-1.19342
5
8
-1.41375
6
8
-1.32011
7
8
-1.18954
8
8
-1.22881
9
8
-1.15522
10
8
-1.23291
11
8
-1.32732
12
8
-1.30229
13
8
-1.23183
14
8
-1.2865
15
8
-1.29124
16
8
-1.2225
17
8
-1.40072
18
8
-1.32845
19
8
-1.23612
20
8
-1.27313
21
8
-1.44496
22
8
-1.20488
23
8
-1.23491
24
8
-0.897321
25
8
-1.12037
26
8
-0.821286
27
8
-1.37947
28
8
-1.17978
29
8
-1.18832
30
8
-1.3199
31
8
-1.2657
32
8
-1.21702
33
8
-1.16513
34
8
-1.11073
35
8
-1.06862
36
8
-1.39517
37
8
-1.18643
38
8
-1.14639
39
8
-1.15445
40
8
-1.31039
41
8
-1.07276
42
8
-1.33313
43
8
-1.12127
44
8
-1.06213
45
8
-1.32923
46
8
-1.38636
47
8
-1.14133
48
8
-1.22406
49
8
-1.26318
50
8
-1.11891
51
8
-1.10941
52
8
-1.1475
0
9
-1.32507
1
9
-1.43863
2
9
-1.08596
3
9
-1.34908
4
9
-1.21565
5
9
-1.20313
6
9
-1.12062
7
9
-1.247
8
9
-1.45007
9
9
-1.0917
10
9
-1.4296
11
9
-1.36076
12
9
-1.18462
13
9
-1.36571
14
9
-1.34142
15
9
-1.28751
16
9
-1.16181
17
9
-1.08374
18
9
-1.20966
19
9
-1.2176
20
9
-1.35274
21
9
-1.29517
22
9
-1.28142
23
9
-1.26052
24
9
-1.41238
25
9
-1.25903
26
9
-1.23919
27
9
-1.18256
28
9
-1.30009
29
9
-1.25451
30
9
-1.29389
31
9
-1.38124
32
9
-1.35597
33
9
-1.22785
34
9
-1.31549
35
9
-1.3272
36
9
-1.0872
37
9
-1.07658
38
9
-1.28357
39
9
-1.26026
40
9
-1.20836
41
9
-1.1084
42
9
-1.13679
43
9
-1.24144
44
9
-1.26872
45
9
-1.31767
46
9
-1.0448
47
9
-1.30364
48
9
-1.15613
49
9
-1.42006
50
9
-1.22969
51
9
-1.36186
52
9
-1.26324
0
10
-1.21071
1
10
-1.17814
2
10
-1.37969
3
10
-0.971571
4
10
-1.2821
5
10
-1.06505
6
10
-1.45893
7
10
-1.16125
8
10
-1.25614
9
10
-1.16592
10
10
-0.783821
11
10
-1.19905
12
10
-1.00642
13
10
-1.27165
14
10
-1.29373
15
10
-1.18428
16
10
-1.33565
17
10
-1.37094
18
10
-1.29284
19
10
-1.27631
20
10
-1.14984
21
10
-1.21237
22
10
-1.2679
23
10
-1.26258
24
10
-1.30016
25
10
-1.12394
26
10
-1.25739
27
10
-1.37634
28
10
-1.48551
29
10
-1.17072
30
10
-1.31684
31
10
-1.26213
32
10
-1.32953
33
10
-1.22682
34
10
-1.27128
35
10
-1.26405
36
10
-1.43982
37
10
-1.23065
38
10
-1.20092
39
10
-1.15792
40
10
-1.19267
41
10
-1.32604
42
10
-1.18463
43
10
-1.23076
44
10
-1.27166
45
10
-1.32961
46
10
-1.41599
47
10
-1.36878
48
10
-1.26465
49
10
-1.1627
50
10
-1.20269
51
10
-1.24908
52
10
-1.28352
0
11
-1.34052
1
11
-1.21853
2
11
-1.14521
3
11
-1.25595
4
11
-1.37051
5
11
-1.47566
6
11
-1.22583
7
11
-1.29434
8
11
-1.35128
9
11
-1.27704
10
11
-1.28808
11
11
-1.24022
12
11
-1.11506
13
11
-1.26792
14
11
-1.2511
15
11
-1.35497
16
11
-1.17313
17
11
-1.26006
18
11
-0.959732
19
11
-1.25735
20
11
-1.30833
21
11
-1.35183
22
11
-1.19515
23
11
-1.16466
24
11
-1.01911
25
11
-1.24357
26
11
-1.1669
27
11
-1.40037
28
11
-1.4354
29
11
-1.17548
30
11
-1.28615
31
11
-1.29197
32
11
-1.12944
33
11
-0.982608
34
11
-1.24493
35
11
-1.17284
36
11
-1.34349
37
11
-0.890637
38
11
-1.24072
39
11
-1.32608
40
11
-1.25002
41
11
-1.34801
42
11
-1.07008
43
11
-1.39011
44
11
-1.19363
45
11
-1.20163
46
11
-1.2131
47
11
-1.16615
48
11
-1.33819
49
11
-1.32131
50
11
-1.21548
51
11
-1.34306
52
11
-1.10989
0
12
-1.41872
1
12
-1.13353
2
12
-1.23055
3
12
-1.25729
4
12
-1.27361
5
12
-1.21585
6
12
-1.32173
7
12
-1.12552
8
12
-1.21314
9
12
-1.27814
10
12
-1.36713
11
12
-1.26938
12
12
-1.41724
13
12
-1.33617
14
12
-1.22092
15
12
-1.25141
16
12
-1.23499
17
12
-1.09861
18
12
-1.3827
19
12
-1.31513
20
12
-1.17409
21
12
-1.41189
22
12
-1.21384
23
12
-1.19106
24
12
-1.0036
25
12
-1.34698
26
12
-1.18009
27
12
-1.25357
28
12
-1.50455
29
12
-1.28621
30
12
-1.3504
31
12
-1.29145
32
12
-1.39003
33
12
-1.18171
34
12
-1.3652
35
12
-1.29962
36
12
-1.19144
37
12
-1.30217
38
12
-1.21171
39
12
-0.985036
40
12
-1.22299
41
12
-1.21174
42
12
-1.17875
43
12
-1.26662
44
12
-1.42848
45
12
-1.3718
46
12
-1.34698
47
12
-1.39451
48
12
-1.33858
49
12
-1.14666
50
12
-1.17285
51
12
-1.39312
52
12
-1.00654
0
13
-1.22007
1
13
-1.08269
2
13
-1.16745
3
13
-1.18055
4
13
-1.20379
5
13
-1.23599
6
13
-1.28631
7
13
-1.18067
8
13
-1.18347
9
13
-1.34286
10
13
-1.15714
11
13
-0.990155
12
13
-1.11078
13
13
-1.32014
14
13
-1.43063
15
13
-1.21716
16
13
-1.43366
17
13
-1.18333
18
13
-1.29879
19
13
-1.29024
20
13
-1.40384
21
13
-1.49735
22
13
-1.24223
23
13
-1.4084
24
13
-1.27969
25
13
-1.19838
26
13
-1.09586
27
13
-1.1686
28
13
-1.29507
29
13
-1.47862
30
13
-1.18896
31
13
-1.17961
32
13
-1.26555
33
13
-1.09191
34
13
-1.3363
35
13
-1.16465
36
13
-1.11809
37
13
-1.3705
38
13
-1.17189
39
13
-1.23768
40
13
-1.34477
41
13
-1.26169
42
13
-1.17386
43
13
-1.24017
44
13
-1.34129
45
13
-1.06151
46
13
-1.11656
47
13
-1.24381
48
13
-1.21631
49
13
-1.14985
50
13
-1.18688
51
13
-1.17971
52
13
-0.85693
0
14
-1.33928
1
14
-1.17452
2
14
-1.29754
3
14
-1.38899
4
14
-1.10437
5
14
-1.17824
6
14
-1.36873
7
14
-1.13263
8
14
-1.21971
9
14
-1.2982
10
14
-1.16249
11
14
-1.40697
12
14
-1.30584
13
14
-0.848696
14
14
-1.32257
15
14
-1.28651
16
14
-1.27679
17
14
-1.41435
18
14
-1.14396
19
14
-1.22964
20
14
-1.26576
21
14
-1.13531
22
14
-1.14517
23
14
-1.22696
24
14
-1.22994
25
14
-1.23995
26
14
-1.30463
27
14
-1.3392
28
14
-1.16584
29
14
-1.12394
30
14
-1.34073
31
14
-1.18154
32
14
-1.19259
33
14
-1.27474
34
14
-1.18286
35
14
-1.33801
36
14
-1.36478
37
14
-1.20676
38
14
-1.36317
39
14
-1.29669
40
14
-1.15508
41
14
-1.26828
42
14
-1.28156
43
14
-1.14773
44
14
-1.20753
45
14
-1.34216
46
14
-1.16532
47
14
-1.25483
48
14
-1.2824
49
14
-1.27003
50
14
-1.1513
51
14
-1.29706
52
14
-1.19872
0
15
-1.38241
1
15
-1.33171
2
15
-1.1534
3
15
-1.2009
4
15
-1.1811
5
15
-1.16122
6
15
-1.39204
7
15
-1.38192
8
15
-1.08385
9
15
-1.15291
10
15
-1.15984
11
15
-1.29673
12
15
-1.266
13
15
-1.32729
14
15
-1.38164
15
15
-1.27414
16
15
-1.12665
17
15
-1.32874
18
15
-1.14758
19
15
-1.35455
20
15
-0.810445
21
15
-1.39535
22
15
-1.28928
23
15
-1.23179
24
15
-1.21652
25
15
-1.17899
26
15
-1.11422
27
15
-1.29154
28
15
-1.25807
29
15
-1.24957
30
15
-1.03819
31
15
-1.22991
32
15
-1.21227
33
15
-1.32062
34
15
-1.2434
35
15
-1.27365
36
15
-1.26682
37
15
-0.85416
38
15
-1.34939
39
15
-1.30087
40
15
-1.33419
41
15
-1.41053
42
15
-1.35366
43
15
-1.21568
44
15
-1.1944
45
15
-1.19621
46
15
-1.32461
47
15
-1.20688
48
15
-1.23082
49
15
-1.27597
50
15
-1.27619
51
15
-1.16288
52
15
-1.36286
0
16
-1.25803
1
16
-1.30752
2
16
-1.23336
3
16
-1.26282
4
16
-1.23325
5
16
-1.20548
6
16
-1.18477
7
16
-1.28606
8
16
-1.30307
9
16
-1.18283
10
16
-1.30279
11
16
-1.10499
12
16
-1.37048
13
16
-1.34368
14
16
-1.1405
15
16
-1.30077
16
16
-1.30125
17
16
-1.3023
18
16
-1.23469
19
16
-1.07162
20
16
-1.0378
21
16
-1.16464
22
16
-1.10243
23
16
-1.30545
24
16
-1.01461
25
16
-1.29725
26
16
-1.34217
27
16
-1.15396
28
16
-1.17461
29
16
-1.26703
30
16
-1.36393
31
16
-1.27441
32
16
-1.18753
33
16
-1.02523
34
16
-1.24301
35
16
-1.19266
36
16
-1.42927
37
16
-1.28575
38
16
-1.27937
39
16
-1.24082
40
16
-1.25037
41
16
-1.30991
42
16
-1.35029
43
16
-1.11659
44
16
-1.25037
45
16
-1.11128
46
16
-1.13127
47
16
-1.41889
48
16
-0.967973
49
16
-1.39957
50
16
-1.18237
51
16
-1.35979
52
16
-1.26903
0
17
-1.11329
1
17
-1.18735
2
17
-1.36047
3
17
-1.14047
4
17
-1.22813
5
17
-1.29659
6
17
-1.34226
7
17
-1.29008
8
17
-1.2186
9
17
-1.39698
10
17
-1.30368
11
17
-1.31178
12
17
-1.14746
13
17
-1.2381
14
17
-1.23115
15
17
-1.32102
16
17
-1.37825
17
17
-1.38931
18
17
-1.30374
19
17
-1.12299
20
17
-0.34875
21
17
-1.09571
22
17
-1.14755
23
17
-1.07512
24
17
-1.25453
25
17
-1.30526
26
17
-1.29413
27
17
-1.18476
28
17
-1.13192
29
17
-1.12861
30
17
-1.18173
31
17
-1.15389
32
17
-1.39173
33
17
-1.36892
34
17
-1.36591
35
17
-1.04588
36
17
-1.18302
37
17
-1.29617
38
17
-1.18652
39
17
-1.14369
40
17
-1.35881
41
17
-0.879179
42
17
-1.279
43
17
-1.29233
44
17
-1.24339
45
17
-1.30533
46
17
-1.33664
47
17
-1.15041
48
17
-1.22601
49
17
-1.3919
50
17
-1.44868
51
17
-1.09417
52
17
-1.16485
0
18
-1.24843
1
18
-1.28209
2
18
-1.36074
3
18
-1.30291
4
18
-1.18897
5
18
-1.38608
6
18
-1.20713
7
18
-1.31256
8
18
-1.1395
9
18
-1.1108
10
18
-1.25165
11
18
-1.29553
12
18
-1.09891
13
18
-1.28583
14
18
-1.24592
15
18
-0.974545
16
18
-1.18866
17
18
-1.13306
18
18
-1.37194
19
18
-1.13374
20
18
-1.27415
21
18
-0.997142
22
18
-0.94817
23
18
-1.21984
24
18
-1.22703
25
18
-1.35029
26
18
-1.24406
27
18
-1.34332
28
18
-1.35958
29
18
-1.24549
30
18
-1.07953
31
18
-0.852179
32
18
-1.36664
33
18
-1.28046
34
18
-1.28164
35
18
-1.22775
36
18
-1.19438
37
18
-1.25711
38
18
-1.36034
39
18
-1.22335
40
18
-1.27364
41
18
-1.36207
42
18
-1.40406
43
18
-1.26221
44
18
-1.28571
45
18
-1.34421
46
18
-1.35962
47
18
-1.19836
48
18
-1.09332
49
18
-1.28567
50
18
-1.39751
51
18
-1.36549
52
18
-1.28883
0
19
-1.15976
1
19
-1.14511
2
19
-1.2179
3
19
-1.12684
4
19
-1.36804
5
19
-1.33105
6
19
-1.36035
7
19
-1.17233
8
19
-1.23542
9
19
-1.18464
10
19
-1.26731
11
19
-1.27491
12
19
-1.24161
13
19
-1.29352
14
19
-1.24751
15
19
-1.1906
16
19
-1.32959
17
19
-0.978149
18
19
-1.23513
19
19
-1.29581
20
19
-1.282
21
19
-1.31136
22
19
-0.951918
23
19
-1.31221
24
19
-1.22313
25
19
-1.15674
26
19
-1.26225
27
19
-1.25705
28
19
-1.06058
29
19
-1.18902
30
19
-1.07669
31
19
-1.42152
32
19
-1.23583
33
19
-1.42238
34
19
-1.29787
35
19
-1.16615
36
19
-1.23106
37
19
-1.27399
38
19
-1.223
39
19
-1.1798
40
19
-1.35083
41
19
-1.30293
42
19
-1.09169
43
19
-1.27027
44
19
-1.41651
45
19
-1.22575
46
19
-1.39616
47
19
-0.835989
48
19
-1.10293
49
19
-1.31934
50
19
-1.35497
51
19
-1.26762
52
19
-1.22666
0
20
-1.04999
1
20
-1.40303
2
20
-1.17228
3
20
-1.22877
4
20
-1.26504
5
20
-1.35245
6
20
-1.16679
7
20
-1.18774
8
20
-1.28285
9
20
-1.40828
10
20
-1.3172
11
20
-1.45423
12
20
-1.15083
13
20
-1.2492
14
20
-1.26243
15
20
-1.35125
16
20
-1.37346
17
20
-1.27955
18
20
-1.28892
19
20
-1.13288
20
20
-1.18636
21
20
-1.11639
22
20
-1.19508
23
20
-1.41379
24
20
-1.24894
25
20
-1.13951
26
20
-1.27041
27
20
-1.25545
28
20
-1.21484
29
20
-1.19964
30
20
-1.23844
31
20
-1.13503
32
20
-1.29524
33
20
-1.23249
34
20
-1.30269
35
20
-1.26039
36
20
-1.12668
37
20
-1.3642
38
20
-1.28633
39
20
-1.19328
40
20
-1.34953
41
20
-1.28967
42
20
-1.32669
43
20
-1.32178
44
20
-1.26045
45
20
-1.15931
46
20
-1.34812
47
20
-1.27625
48
20
-1.17534
49
20
-1.1502
50
20
-1.20209
51
20
-1.35236
52
20
-0.937687
0
21
-1.37315
1
21
-1.27141
2
21
-1.36782
3
21
-1.12741
4
21
-1.28755
5
21
-1.4026
6
21
-1.10626
7
21
-1.26711
8
21
-1.11925
9
21
-1.43368
10
21
-1.35673
11
21
-1.31429
12
21
-1.24027
13
21
-1.17208
14
21
-1.13251
15
21
-1.28987
16
21
-1.25383
17
21
-1.36083
18
21
-1.23412
19
21
-1.19066
20
21
-1.01744
21
21
-1.33104
22
21
-1.43814
23
21
-1.13632
24
21
-1.08637
25
21
-1.10993
26
21
-1.15618
27
21
-1.40701
28
21
-1.35796
29
21
-1.20844
30
21
-1.24466
31
21
-1.31165
32
21
-1.15717
33
21
-1.32213
34
21
-1.37642
35
21
-1.31118
36
21
-1.31089
37
21
-1.22638
38
21
-1.19829
39
21
-1.12171
40
21
-1.16182
41
21
-1.34958
42
21
-1.21472
43
21
-1.30688
44
21
-1.14048
45
21
-1.28916
46
21
-1.19183
47
21
-1.1393
48
21
-1.02749
49
21
-1.26077
50
21
-1.08834
51
21
-1.13949
52
21
-1.34407
0
22
-1.38397
1
22
-1.26825
2
22
-1.44893
3
22
-1.14334
4
22
-1.31834
5
22
-1.32857
6
22
-1.32542
7
22
-1.24618
8
22
-1.13724
9
22
-1.15738
10
22
-1.3213
11
22
-0.981134
12
22
-1.11926
13
22
-1.11578
14
22
-1.24131
15
22
-1.48161
16
22
-1.19052
17
22
-1.26125
18
22
-1.39551
19
22
-1.17554
20
22
-1.19976
21
22
-1.37978
22
22
-1.41481
23
22
-1.43296
24
22
-1.23192
25
22
-1.20393
26
22
-1.13188
27
22
-0.913054
28
22
-1.30876
29
22
-1.46981
30
22
-1.23616
31
22
-1.40408
32
22
-1.38583
33
22
-1.12635
34
22
-1.45315
35
22
-1.16287
36
22
-1.40441
37
22
-1.23357
38
22
-1.23987
39
22
-1.22587
40
22
-1.10431
41
22
-1.2531
42
22
-1.15445
43
22
-0.97966
44
22
-1.22605
45
22
-1.17123
46
22
-1.31934
47
22
-0.997768
48
22
-1.40852
49
22
-1.44956
50
22
-1.34241
51
22
-1.41439
52
22
-1.31446
0
23
-1.23989
1
23
-1.25958
2
23
-1.09418
3
23
-1.25249
4
23
-1.22436
5
23
-1.29814
6
23
-1.36945
7
23
-1.28921
8
23
-1.30226
9
23
-1.12367
10
23
-1.31683
11
23
-1.20105
12
23
-1.33849
13
23
-1.22149
14
23
-0.997035
15
23
-1.40263
16
23
-1.15358
17
23
-1.24659
18
23
-1.07423
19
23
-1.36228
20
23
-1.18196
21
23
-1.08612
22
23
-1.13191
23
23
-1.21578
24
23
-1.41074
25
23
-1.40627
26
23
-1.40598
27
23
-1.23008
28
23
-1.23471
29
23
-1.1782
30
23
-1.31288
31
23
-1.34089
32
23
-1.15189
33
23
-1.18401
34
23
-1.17596
35
23
-0.549032
36
23
-1.30216
37
23
-1.35499
38
23
-1.24687
39
23
-1.25196
40
23
-1.13779
41
23
-1.2082
42
23
-1.36147
43
23
-1.23555
44
23
-1.14267
45
23
-1.19094
46
23
-1.03605
47
23
-1.05729
48
23
-1.21349
49
23
-1.28097
50
23
-1.42427
51
23
-1.25799
52
23
-1.18638
0
24
-1.08349
1
24
-1.10734
2
24
-1.31931
3
24
-1.1896
4
24
-1.18669
5
24
-1.12494
6
24
-1.18005
7
24
-1.06532
8
24
-1.18884
9
24
-1.3083
10
24
-1.24758
11
24
-1.14305
12
24
-1.06301
13
24
-1.17723
14
24
-1.26515
15
24
-1.37287
16
24
-1.33907
17
24
-1.2667
18
24
-1.41057
19
24
-1.29812
20
24
-1.24085
21
24
-1.41217
22
24
-1.28523
23
24
-1.24298
24
24
-1.44214
25
24
-1.23571
26
24
-1.35152
27
24
-1.21272
28
24
-1.10833
29
24
-1.301
30
24
-1.2043
31
24
-1.26148
32
24
-1.28266
33
24
-1.29838
34
24
-1.37352
35
24
-1.20113
36
24
-1.15138
37
24
-1.21204
38
24
-1.35185
39
24
-1.35299
40
24
-1.09661
41
24
-1.33939
42
24
-1.23138
43
24
-1.41491
44
24
-1.18971
45
24
-1.23938
46
24
-0.583989
47
24
-1.14088
48
24
-1.13329
49
24
-1.16002
50
24
-1.13798
51
24
-1.19292
52
24
-1.22164
0
25
-1.25179
1
25
-1.4378
2
25
-1.29341
3
25
-1.21024
4
25
-1.26424
5
25
-1.19601
6
25
-1.21665
7
25
-1.29672
8
25
-1.14668
9
25
-1.34723
10
25
-1.40798
11
25
-1.29251
12
25
-1.15122
13
25
-1.32667
14
25
-1.23475
15
25
-1.43114
16
25
-1.24988
17
25
-1.45344
18
25
-1.21106
19
25
-1.32603
20
25
-1.1831
21
25
-1.25436
22
25
-1.23208
23
25
-1.31034
24
25
-1.2533
25
25
-1.25316
26
25
-1.15401
27
25
-1.18741
28
25
-1.28186
29
25
-1.11051
30
25
-1.22947
31
25
-1.29892
32
25
-1.42148
33
25
-1.2309
34
25
-1.21952
35
25
-1.45923
36
25
-1.08793
37
25
-1.30403
38
25
-1.25575
39
25
-1.40274
40
25
-1.30842
41
25
-1.20458
42
25
-1.34717
43
25
-1.3287
44
25
-1.24174
45
25
-1.12863
46
25
-1.14988
47
25
-0.953161
48
25
-1.20023
49
25
-1.09299
50
25
-1.15924
51
25
-1.2923
52
25
-1.20462
