0
-10
0.656354
1
-10
0.674832
2
-10
0.764266
3
-10
0.796929
4
-10
0.80937
5
-10
0.715906
6
-10
0.674906
7
-10
0.653051
8
-10
0.629966
9
-10
0.715406
10
-10
0.61789
11
-10
0.554991
12
-10
0.271344
13
-10
0.652744
14
-10
0.772991
15
-10
0.727133
16
-10
0.601781
17
-10
0.693075
18
-10
0.701094
19
-10
0.79896
20
-10
0.769107
21
-10
0.588539
22
-10
0.642593
23
-10
0.711966
24
-10
0.716251
25
-10
0.694438
26
-10
0.64574
27
-10
0.705713
28
-10
0.664449
29
-10
0.49833
30
-10
0.622566
31
-10
0.561466
32
-10
0.778151
33
-10
0.688391
34
-10
0.6993
35
-10
0.666149
36
-10
0.803018
37
-10
0.71886
38
-10
0.762043
39
-10
0.663254
40
-10
0.680202
41
-10
0.574477
42
-10
0.732395
43
-10
0.750249
44
-10
0.666014
45
-10
0.664641
46
-10
0.734469
47
-10
0.746034
48
-10
0.769651
49
-10
0.396668
50
-10
0.799087
51
-10
0.619524
52
-10
0.644168
0
-9
0.774332
1
-9
0.726633
2
-9
0.687445
3
-9
0.635441
4
-9
0.739163
5
-9
0.671201
6
-9
0.729563
7
-9
0.675415
8
-9
0.75282
9
-9
0.811041
10
-9
0.686253
11
-9
0.737502
12
-9
0.80737
13
-9
0.728749
14
-9
0.686301
15
-9
0.749677
16
-9
0.689901
17
-9
0.745164
18
-9
0.790255
19
-9
0.734039
20
-9
0.750426
21
-9
0.595
22
-9
0.659657
23
-9
0.728467
24
-9
0.618329
25
-9
0.638413
26
-9
0.795523
27
-9
0.549044
28
-9
0.679157
29
-9
0.698392
30
-9
0.604822
31
-9
0.748799
32
-9
0.706063
33
-9
0.648457
34
-9
0.640725
35
-9
0.746628
36
-9
0.677031
37
-9
0.736711
38
-9
0.632004
39
-9
0.795512
40
-9
0.617617
41
-9
0.785692
42
-9
0.602715
43
-9
0.892766
44
-9
0.752757
45
-9
0.762708
46
-9
0.690367
47
-9
0.66415
48
-9
0.680856
49
-9
0.718439
50
-9
0.662515
51
-9
0.686532
52
-9
0.623165
0
-8
0.808525
1
-8
0.674599
2
-8
0.670468
3
-8
0.778789
4
-8
0.794469
5
-8
0.791114
6
-8
0.702752
7
-8
0.70134
8
-8
0.630959
9
-8
0.725702
10
-8
0.712983
11
-8
0.768448
12
-8
0.663957
13
-8
0.745409
14
-8
0.761289
15
-8
0.803856
16
-8
0.648494
17
-8
0.7648
18
-8
0.796038
19
-8
0.703177
20
-8
0.670177
21
-8
0.707777
22
-8
0.376661
23
-8
0.531032
24
-8
0.601296
25
-8
0.715346
26
-8
0.723758
27
-8
0.702684
28
-8
0.683261
29
-8
0.742914
30
-8
0.720443
31
-8
0.738924
32
-8
0.729128
33
-8
0.648671
34
-8
0.72059
35
-8
0.736215
36
-8
0.785486
37
-8
0.758123
38
-8
0.691544
39
-8
0.632428
40
-8
0
41
-8
0.679127
42
-8
0.444997
43
-8
0.684469
44
-8
0.762023
45
-8
0.667535
46
-8
0.726781
47
-8
0.469999
48
-8
0.741347
49
-8
0.731036
50
-8
0.330001
51
-8
0.658441
52
-8
0.467394
0
-7
0.752109
1
-7
0.721363
2
-7
0.760035
3
-7
0.743213
4
-7
0.648693
5
-7
0.68617
6
-7
0.716798
7
-7
0.71063
8
-7
0.777457
9
-7
0.64511
10
-7
0.676498
11
-7
0.73213
12
-7
0.656667
13
-7
0.695853
14
-7
0.606913
15
-7
0.744953
16
-7
0.730964
17
-7
0.81032
18
-7
0.781529
19
-7
0.501223
20
-7
0.768862
21
-7
0.606803
22
-7
0.69541
23
-7
0.717713
24
-7
0.786174
25
-7
0.510728
26
-7
0.709889
27
-7
0.689759
28
-7
0.702582
29
-7
0.752599
30
-7
0.60746
31
-7
0.781351
32
-7
0.570555
33
-7
0.642479
34
-7
0.742519
35
-7
0.636097
36
-7
0.748384
37
-7
0.790699
38
-7
0.618087
39
-7
0.695304
40
-7
0.700834
41
-7
0.433749
42
-7
0.610224
43
-7
0.61487
44
-7
0.617543
45
-7
0.635639
46
-7
0.667347
47
-7
0.851324
48
-7
0.666394
49
-7
0.770952
50
-7
0.677604
51
-7
0.766872
52
-7
0.676384
0
-6
0.802688
1
-6
0.672045
2
-6
0.694371
3
-6
0.75996
4
-6
0.641404
5
-6
0.575371
6
-6
0.70879
7
-6
0.586126
8
-6
0.66146
9
-6
0.662652
10
-6
0.702678
11
-6
0.631088
12
-6
0.705686
13
-6
0.583047
14
-6
0.543771
15
-6
0.661134
16
-6
0.799567
17
-6
0.758256
18
-6
0.642569
19
-6
0.689163
20
-6
0.658067
21
-6
0.630159
22
-6
0.713702
23
-6
0.674456
24
-6
0.769373
25
-6
0.712233
26
-6
0.679955
27
-6
0.754481
28
-6
0.752302
29
-6
0.799802
30
-6
0.660935
31
-6
0.584095
32
-6
0.709876
33
-6
0.573721
34
-6
0.793777
35
-6
0.671867
36
-6
0.808039
37
-6
0.70104
38
-6
0.679933
39
-6
0.742166
40
-6
0.77719
41
-6
0.674966
42
-6
0.661346
43
-6
0.662535
44
-6
0.676384
45
-6
0.655426
46
-6
0.67525
47
-6
0.78522
48
-6
0.454787
49
-6
0.66031
50
-6
0.710728
51
-6
0.521457
52
-6
0.706551
0
-5
0.717635
1
-5
0.681355
2
-5
0.650518
3
-5
0.746613
4
-5
0.533733
5
-5
0.686034
6
-5
0.64958
7
-5
0.561347
8
-5
0.786358
9
-5
0.675193
10
-5
0.767739
11
-5
0.747207
12
-5
0.655612
13
-5
0.720298
14
-5
0.68009
15
-5
0.549995
16
-5
0.70787
17
-5
0.584058
18
-5
0.645804
19
-5
0.457397
20
-5
0.704689
21
-5
0.677324
22
-5
0.741637
23
-5
0.568677
24
-5
0.749692
25
-5
0.634776
26
-5
0.626555
27
-5
0.69998
28
-5
0.800284
29
-5
0.664908
30
-5
0.744506
31
-5
0.619899
32
-5
0.694677
33
-5
0.688623
34
-5
0.634344
35
-5
0.66604
36
-5
0.630054
37
-5
0.692914
38
-5
0.760253
39
-5
0.672002
40
-5
0.754267
41
-5
0.727388
42
-5
0.708129
43
-5
0.617713
44
-5
0.809795
45
-5
0.78746
46
-5
0.62753
47
-5
0.668702
48
-5
0.588741
49
-5
0.757444
50
-5
0.808954
51
-5
0.682802
52
-5
0.779207
0
-4
0.715511
1
-4
0.743742
2
-4
0.682919
3
-4
0.628748
4
-4
0.672206
5
-4
0.790801
6
-4
0.7282
7
-4
0.611479
8
-4
0.55258
9
-4
0.776645
10
-4
0.788788
11
-4
0.728223
12
-4
0.7159
13
-4
0.755081
14
-4
0.758941
15
-4
0.640295
16
-4
0.695257
17
-4
0.627643
18
-4
0.701765
19
-4
0.72812
20
-4
0.578329
21
-4
0.666197
22
-4
0.734199
23
-4
0.73997
24
-4
0.668838
25
-4
0.632718
26
-4
0.768543
27
-4
0.786183
28
-4
0.67416
29
-4
0.593535
30
-4
0.759532
31
-4
0.725992
32
-4
0.696678
33
-4
0.577588
34
-4
0.672069
35
-4
0.750558
36
-4
0.777926
37
-4
0.763284
38
-4
0.667211
39
-4
0.521668
40
-4
0.769852
41
-4
0.658953
42
-4
0.691731
43
-4
0.650825
44
-4
0.618325
45
-4
0.810198
46
-4
0.6016
47
-4
0.633514
48
-4
0.714853
49
-4
0.807443
50
-4
0.668532
51
-4
0.591434
52
-4
0.56578
0
-3
0.619052
1
-3
0.927642
2
-3
0.809597
3
-3
0.715785
4
-3
0.780992
5
-3
0.710367
6
-3
0.802751
7
-3
0.720413
8
-3
0.698922
9
-3
0.736249
10
-3
0.73185
11
-3
0.70431
12
-3
0.60614
13
-3
0.653391
14
-3
0.835809
15
-3
0.768982
16
-3
0.744603
17
-3
0.729965
18
-3
0.594741
19
-3
0.646339
20
-3
0.653203
21
-3
0.645047
22
-3
0.754629
23
-3
0.638632
24
-3
0.668317
25
-3
0.785551
26
-3
0.724868
27
-3
0.687818
28
-3
0.648844
29
-3
0.637421
30
-3
0.835476
31
-3
0.656907
32
-3
0.629509
33
-3
0.751151
34
-3
0.723138
35
-3
0.701851
36
-3
0.802204
37
-3
0.680091
38
-3
0.771538
39
-3
0.762953
40
-3
0.688414
41
-3
0.698018
42
-3
0.78217
43
-3
0.686281
44
-3
0.696116
45
-3
0.71447
46
-3
0.759018
47
-3
0.693398
48
-3
0.616577
49
-3
0.638541
50
-3
0.615203
51
-3
0.743463
52
-3
0.693036
0
-2
0.747903
1
-2
0.734845
2
-2
0.584688
3
-2
0.757875
4
-2
0.748117
5
-2
0.674865
6
-2
0.759093
7
-2
0.783115
8
-2
0.790654
9
-2
0.654842
10
-2
0.747397
11
-2
0.716607
12
-2
0.664437
13
-2
0.750896
14
-2
0.794423
15
-2
0.737202
16
-2
0.745376
17
-2
0.695729
18
-2
0.618941
19
-2
0.615733
20
-2
0.703959
21
-2
0.779914
22
-2
0.639953
23
-2
0.660509
24
-2
0.773562
25
-2
0.67445
26
-2
0.665901
27
-2
0.796464
28
-2
0.74685
29
-2
0.715358
30
-2
0.6377
31
-2
0.613749
32
-2
0.79384
33
-2
0.776048
34
-2
0.643817
35
-2
0.57177
36
-2
0.67376
37
-2
0.687394
38
-2
0.78395
39
-2
0.762687
40
-2
0.605413
41
-2
0.597039
42
-2
0.80916
43
-2
0.523331
44
-2
0.619007
45
-2
0.704403
46
-2
0.702691
47
-2
0.670951
48
-2
0.708108
49
-2
0.778739
50
-2
0.778844
51
-2
0.720188
52
-2
0.620599
0
-1
0.793512
1
-1
0.725713
2
-1
0.759341
3
-1
0.742553
4
-1
0.712735
5
-1
0.627217
6
-1
0.660483
7
-1
0.566238
8
-1
0.804637
9
-1
0.395208
10
-1
0.748872
11
-1
0.529085
12
-1
0.666874
13
-1
0.748968
14
-1
0.702956
15
-1
0.629996
16
-1
0.768791
17
-1
0.637689
18
-1
0.656019
19
-1
0.712693
20
-1
0.682935
21
-1
0.720562
22
-1
0.689373
23
-1
0.681479
24
-1
0.79935
25
-1
0.649212
26
-1
0.654965
27
-1
0.695066
28
-1
0.765781
29
-1
0.631667
30
-1
0.765397
31
-1
0.745915
32
-1
0.754872
33
-1
0.662963
34
-1
0.713148
35
-1
0.708195
36
-1
0.704058
37
-1
0.721966
38
-1
0.537813
39
-1
0.797285
40
-1
0.729095
41
-1
0.731482
42
-1
0.712803
43
-1
0.616514
44
-1
0.697925
45
-1
0.755242
46
-1
0.619637
47
-1
0.690985
48
-1
0.702353
49
-1
0.779079
50
-1
0.674936
51
-1
0.626204
52
-1
0.458331
0
0
0.774896
1
0
0.685518
2
0
0.712893
3
0
0.727483
4
0
0.629336
5
0
0.65208
6
0
0.76959
7
0
0.658207
8
0
0.780315
9
0
0.74657
10
0
0.738753
11
0
0.61288
12
0
0.806128
13
0
0.59039
14
0
0.677958
15
0
0.711619
16
0
0.6337
17
0
0.783757
18
0
0.642209
19
0
0.725146
20
0
0.769775
21
0
0.680207
22
0
0.72018
23
0
0.575723
24
0
0.725981
25
0
0.716279
26
0
0.613939
27
0
0.71836
28
0
0.779999
29
0
0.755025
30
0
0.682045
31
0
0.80669
32
0
0.74337
33
0
0.66315
34
0
0.71998
35
0
0.654035
36
0
0.727701
37
0
0.764466
38
0
0.733006
39
0
0.672604
40
0
0.803496
41
0
0.705169
42
0
0.78008
43
0
0.756252
44
0
0.699176
45
0
0.618639
46
0
0.658331
47
0
0.691998
48
0
0.464062
49
0
0.678125
50
0
0.73892
51
0
0.694164
52
0
0.788794
0
1
0.763953
1
1
0.626762
2
1
0.718385
3
1
0.639515
4
1
0.685618
5
1
0.740649
6
1
0.69171
7
1
0.684027
8
1
0.77874
9
1
0.688056
10
1
0.627465
11
1
0.630832
12
1
0.630829
13
1
0.708104
14
1
0.753002
15
1
0.700073
16
1
0.668412
17
1
0.729688
18
1
0.76229
19
1
0.715388
20
1
0.710033
21
1
0.672837
22
1
0.780266
23
1
0.754278
24
1
0.706734
25
1
0.744813
26
1
0.703484
27
1
0.701873
28
1
0.649545
29
1
0.721839
30
1
0.752044
31
1
0.696279
32
1
0.509125
33
1
0.631254
34
1
0.739578
35
1
0.742244
36
1
0.742021
37
1
0.800655
38
1
0.644922
39
1
0.727581
40
1
0.64269
41
1
0.64668
42
1
0.647498
43
1
0.643159
44
1
0.772918
45
1
0.728374
46
1
0.771366
47
1
0.682451
48
1
0.72287
49
1
0.790636
50
1
0.734454
51
1
0.799585
52
1
0.455802
0
2
0.779329
1
2
0.785822
2
2
0.714841
3
2
0.700694
4
2
0.675281
5
2
0.792324
6
2
0.610215
7
2
0.758548
8
2
0.654487
9
2
0.619576
10
2
0.686545
11
2
0.689121
12
2
0.689579
13
2
0.770007
14
2
0.72436
15
2
0.801281
16
2
0.699586
17
2
0.707138
18
2
0.727799
19
2
0.738804
20
2
0.724793
21
2
0.705214
22
2
0.63967
23
2
0.743057
24
2
0.585216
25
2
0.661075
26
2
0.711236
27
2
0.713184
28
2
0.680663
29
2
0.752389
30
2
0.72125
31
2
0.719623
32
2
0.697729
33
2
0.738613
34
2
0.695994
35
2
0.547082
36
2
0.643127
37
2
0.76527
38
2
0.715685
39
2
0.774015
40
2
0.810824
41
2
0.801602
42
2
0.704531
43
2
0.783182
44
2
0.761115
45
2
0.714719
46
2
0.75567
47
2
0.648931
48
2
0.751481
49
2
0.651745
50
2
0.710043
51
2
0.65868
52
2
0.629588
0
3
0.750962
1
3
0.652281
2
3
0.8007
3
3
0.667855
4
3
0.709658
5
3
0.76288
6
3
0.762481
7
3
0.685819
8
3
0.638229
9
3
0.656466
10
3
0.60416
11
3
0.632728
12
3
0.727387
13
3
0.699362
14
3
0.765718
15
3
0.780872
16
3
0.741407
17
3
0.647569
18
3
0.733007
19
3
0.758755
20
3
0.731194
21
3
0.654699
22
3
0.725823
23
3
0.629424
24
3
0.609056
25
3
0.767387
26
3
0.628254
27
3
0.78446
28
3
0.708799
29
3
0.739805
30
3
0.690691
31
3
0.759035
32
3
0.797048
33
3
0.72983
34
3
0.46417
35
3
0.703451
36
3
0.686887
37
3
0.696207
38
3
0.656013
39
3
0.590008
40
3
0.695373
41
3
0.72874
42
3
0.76894
43
3
0.642675
44
3
0.74273
45
3
0.693345
46
3
0.699164
47
3
0.773262
48
3
0.711759
49
3
0.704038
50
3
0.6903
51
3
0.760215
52
3
0.792293
0
4
0.732829
1
4
0.604163
2
4
0.640498
3
4
0.740185
4
4
0.692915
5
4
0.275757
6
4
0.715696
7
4
0.747885
8
4
0.727831
9
4
0.728634
10
4
0.773155
11
4
0.54755
12
4
0.586418
13
4
0.511664
14
4
0.674581
15
4
0.434262
16
4
0.791068
17
4
0.681246
18
4
0.614164
19
4
0.806611
20
4
0.564169
21
4
0.63533
22
4
0.772311
23
4
0.726254
24
4
0.787788
25
4
0.704575
26
4
0.659155
27
4
0.702388
28
4
0.69904
29
4
0.754672
30
4
0.66221
31
4
0.662788
32
4
0.688243
33
4
0.729228
34
4
0.593516
35
4
0.729444
36
4
0.778547
37
4
0.610201
38
4
0.68155
39
4
0.66868
40
4
0.726946
41
4
0.583302
42
4
0.697654
43
4
0.668336
44
4
0.699538
45
4
0.680895
46
4
0.729001
47
4
0.502674
48
4
0.798295
49
4
0.746179
50
4
0.671253
51
4
0.714396
52
4
0.705589
0
5
0.633748
1
5
0.738065
2
5
0.690753
3
5
0.67407
4
5
0.632477
5
5
0.661778
6
5
0.621252
7
5
0.759536
8
5
0.690796
9
5
0.739597
10
5
0.711669
11
5
0.729173
12
5
0.676593
13
5
0.799706
14
5
0.775513
15
5
0.775409
16
5
0.674988
17
5
0.594338
18
5
0.654233
19
5
0.563958
20
5
0.702492
21
5
0.709232
22
5
0.634048
23
5
0.683513
24
5
0.745199
25
5
0.630793
26
5
0.661916
27
5
0.0414469
28
5
0.750468
29
5
0.791472
30
5
0.648943
31
5
0.704113
32
5
0.64165
33
5
0.586872
34
5
0.72459
35
5
0.688048
36
5
0.702638
37
5
0.788343
38
5
0.672679
39
5
0.71131
40
5
0.808745
41
5
0.670991
42
5
0.766233
43
5
0.724476
44
5
0.589369
45
5
0.6944
46
5
0.585832
47
5
0.753163
48
5
0.343333
49
5
0.696166
50
5
0.673566
51
5
0.702618
52
5
0.701534
0
6
0.699223
1
6
0.751268
2
6
0.672563
3
6
0.746092
4
6
0.636658
5
6
0.616709
6
6
0.753843
7
6
0.752712
8
6
0.794931
9
6
0.808222
10
6
0.709426
11
6
0.722405
12
6
0.619895
13
6
0.51918
14
6
0.724977
15
6
0.521668
16
6
0.77534
17
6
0.733267
18
6
0.726476
19
6
0.644581
20
6
0.683649
21
6
0.668081
22
6
0.63187
23
6
0.755946
24
6
0.801902
25
6
0.725164
26
6
0.613447
27
6
0.753193
28
6
0.731959
29
6
0.726987
30
6
0.795445
31
6
0.707083
32
6
0.690229
33
6
0.719995
34
6
0.755523
35
6
0.727761
36
6
0.522507
37
6
0.687384
38
6
0.483118
39
6
0.704522
40
6
0.628223
41
6
0.743117
42
6
0.712957
43
6
0.809537
44
6
0.690951
45
6
0.779027
46
6
0.745491
47
6
0.705041
48
6
0.805766
49
6
0.673559
50
6
0.749545
51
6
0.65779
52
6
0.704562
0
7
0.742416
1
7
0.687288
2
7
0.768554
3
7
0.756761
4
7
0.77512
5
7
0.725495
6
7
0.521656
7
7
0.594781
8
7
0.741041
9
7
0.676011
10
7
0.759646
11
7
0.709405
12
7
0.681768
13
7
0.585135
14
7
0.732646
15
7
0.669009
16
7
0.78107
17
7
0.740119
18
7
0.624581
19
7
0.771741
20
7
0.643452
21
7
0.518332
22
7
0.773952
23
7
0.62139
24
7
0.747085
25
7
0.636063
26
7
0.787546
27
7
0.735406
28
7
0.682569
29
7
0.505005
30
7
0.796722
31
7
0.714857
32
7
0.753207
33
7
0.730416
34
7
0.65044
35
7
0.662926
36
7
0.798648
37
7
0.735833
38
7
0.747523
39
7
0.688718
40
7
0.684006
41
7
0.655937
42
7
0.630997
43
7
0.712091
44
7
0.451674
45
7
0.6716
46
7
0.476664
47
7
0.574252
48
7
0.59565
49
7
0.737255
50
7
0.725061
51
7
0.761117
52
7
0.778641
0
8
0.512084
1
8
0.669366
2
8
0.766663
3
8
0.718183
4
8
0.800235
5
8
0.577612
6
8
0.687658
7
8
0.693952
8
8
0.739742
9
8
0.461872
10
8
0.626146
11
8
0.69168
12
8
0.717566
13
8
0.628102
14
8
0.630047
15
8
0.722292
16
8
0.60203
17
8
0.764972
18
8
0.780358
19
8
0.678429
20
8
0.680965
21
8
0.796013
22
8
0.676088
23
8
0.651634
24
8
0.804927
25
8
0.675296
26
8
0.766466
27
8
0.670902
28
8
0.6235
29
8
0.771207
30
8
0.628852
31
8
0.644495
32
8
0.775552
33
8
0.706276
34
8
0.670252
35
8
0.627315
36
8
0.696008
37
8
0.629578
38
8
0.742852
39
8
0.721965
40
8
0.770175
41
8
0.762963
42
8
0.610417
43
8
0.805506
44
8
0.663409
45
8
0.659736
46
8
0.74134
47
8
0.664832
48
8
0.74062
49
8
0.757034
50
8
0.739769
51
8
0.511665
52
8
0.687439
0
9
0.599374
1
9
0.774766
2
9
0.771246
3
9
0.674165
4
9
0.742109
5
9
0.667034
6
9
0.704067
7
9
0.74593
8
9
0.744399
9
9
0.59456
10
9
0.674624
11
9
0.75656
12
9
0.648949
13
9
0.735247
14
9
0.696881
15
9
0.706424
16
9
0.742794
17
9
0.671505
18
9
0.637289
19
9
0.728852
20
9
0.683402
21
9
0.711626
22
9
0.631964
23
9
0.708905
24
9
0.651334
25
9
0.805741
26
9
0.49326
27
9
0.743728
28
9
0.62484
29
9
0.70292
30
9
0.720672
31
9
0.676172
32
9
0.65458
33
9
0.696648
34
9
0.744559
35
9
0.61557
36
9
0.746241
37
9
0.59177
38
9
0.750541
39
9
0.748545
40
9
0.679284
41
9
0.765329
42
9
0.802635
43
9
0.751741
44
9
0.694276
45
9
0.708668
46
9
0.689687
47
9
0.619626
48
9
0.591284
49
9
0.730892
50
9
0.605419
51
9
0.799572
52
9
0.719073
0
10
0.731067
1
10
0.689031
2
10
0.773401
3
10
0.717369
4
10
0.766938
5
10
0.77608
6
10
0.717594
7
10
0.62776
8
10
0.644669
9
10
0.761328
10
10
0.765176
11
10
0.581568
12
10
0.743649
13
10
0.786987
14
10
0.673852
15
10
0.782457
16
10
0.696632
17
10
0.768245
18
10
0.750851
19
10
0.790764
20
10
0.666688
21
10
0.714192
22
10
0.748065
23
10
0.775774
24
10
0.599801
25
10
0.685704
26
10
0.704596
27
10
0.749075
28
10
0.74603
29
10
0.60356
30
10
0.735725
31
10
0.843537
32
10
0.772076
33
10
0.529066
34
10
0.723542
35
10
0.745607
36
10
0.696185
37
10
0.726943
38
10
0.811386
39
10
0.723315
40
10
0.654405
41
10
0.638285
42
10
0.683564
43
10
0.695311
44
10
0.640715
45
10
0.73601
46
10
0.699497
47
10
0.780721
48
10
0.734636
49
10
0.698955
50
10
0.761487
51
10
0.624965
52
10
0.728879
0
11
0.761125
1
11
0.647928
2
11
0.710501
3
11
0.572041
4
11
0.737923
5
11
0.785645
6
11
0.73005
7
11
0.723558
8
11
0.753055
9
11
0.699259
10
11
0.731432
11
11
0.763017
12
11
0.646525
13
11
0.462842
14
11
0.664977
15
11
0.635408
16
11
0.659481
17
11
0.639531
18
11
0.754237
19
11
0.694163
20
11
0.717809
21
11
0.731175
22
11
0.755683
23
11
0.893098
24
11
0.675327
25
11
0.621395
26
11
0.722353
27
11
0.786198
28
11
0.707877
29
11
0.706158
30
11
0.674639
31
11
0.702726
32
11
0.708699
33
11
0.629896
34
11
0.746563
35
11
0.617496
36
11
0.768978
37
11
0.676216
38
11
0.725813
39
11
0.759865
40
11
0.644998
41
11
0.619922
42
11
0.777859
43
11
0.620294
44
11
0.752332
45
11
0.762192
46
11
0.752647
47
11
0.754685
48
11
0.684155
49
11
0.592081
50
11
0.623856
51
11
0.777705
52
11
0.680288
0
12
0.737798
1
12
0.714312
2
12
0.67979
3
12
0.711307
4
12
0.661457
5
12
0.705904
6
12
0.695099
7
12
0.735552
8
12
0.725627
9
12
0.758348
10
12
0.801893
11
12
0.663542
12
12
0.637025
13
12
0.627076
14
12
0.697848
15
12
0.633168
16
12
0.698576
17
12
0.712498
18
12
0.665761
19
12
0.734449
20
12
0.69499
21
12
0.676797
22
12
0.73648
23
12
0.590003
24
12
0.755619
25
12
0.80678
26
12
0.789566
27
12
0.762812
28
12
0.766527
29
12
0.756521
30
12
0.615233
31
12
0.618586
32
12
0.926225
33
12
0.755231
34
12
0.70164
35
12
0.649744
36
12
0.637604
37
12
0.744155
38
12
0.755385
39
12
0.737058
40
12
0.726525
41
12
0.80182
42
12
0.63311
43
12
0.759995
44
12
0.66971
45
12
0.722091
46
12
0.734512
47
12
0.703959
48
12
0.720632
49
12
0.691825
50
12
0.658421
51
12
0.626256
52
12
0.439212
0
13
0.65948
1
13
0.762257
2
13
0.609972
3
13
0.714668
4
13
0.653237
5
13
0.79229
6
13
0.653294
7
13
0.597758
8
13
0.782365
9
13
0.786638
10
13
0.739645
11
13
0.782798
12
13
0.687718
13
13
0.678842
14
13
0.683446
15
13
0.73266
16
13
0.70992
17
13
0.712772
18
13
0.680852
19
13
0.773509
20
13
0.711995
21
13
0.712902
22
13
0.802613
23
13
0.801898
24
13
0.748714
25
13
0.636235
26
13
0.732729
27
13
0.736661
28
13
0.769066
29
13
0.654124
30
13
0.720414
31
13
0.686853
32
13
0.650104
33
13
0.765705
34
13
0.535828
35
13
0.744072
36
13
0.559982
37
13
0.603217
38
13
0.63441
39
13
0.587185
40
13
0.656103
41
13
0.64053
42
13
0.712614
43
13
0.700075
44
13
0.673101
45
13
0.63687
46
13
0.598894
47
13
0.668999
48
13
0.454426
49
13
0.792909
50
13
0.720788
51
13
0.748699
52
13
0.71985
0
14
0.717439
1
14
0.761157
2
14
0.795649
3
14
0.684441
4
14
0.672748
5
14
0.677887
6
14
0.790542
7
14
0.729835
8
14
0.67765
9
14
0.619915
10
14
0.699583
11
14
0.786308
12
14
0.724183
13
14
0.692915
14
14
0.746415
15
14
0.788298
16
14
0.55282
17
14
0.548274
18
14
0.615627
19
14
0.772708
20
14
0.715211
21
14
0.669239
22
14
0.774554
23
14
0.643048
24
14
0.648513
25
14
0.744757
26
14
0.5188
27
14
0.73364
28
14
0.811225
29
14
0.734554
30
14
0.711712
31
14
0.607595
32
14
0.606037
33
14
0.653609
34
14
0.628153
35
14
0.697029
36
14
0.80877
37
14
0.729821
38
14
0.791636
39
14
0.697081
40
14
0.442389
41
14
0.639296
42
14
0.715776
43
14
0.74074
44
14
0.711977
45
14
0.746969
46
14
0.672289
47
14
0.65631
48
14
0.647758
49
14
1.06923
50
14
0.648019
51
14
0.738544
52
14
0.751029
0
15
0.672606
1
15
0.726534
2
15
0.721432
3
15
0.763769
4
15
0.687401
5
15
0.654037
6
15
0.662738
7
15
0.761859
8
15
0.714727
9
15
0.738191
10
15
0.770346
11
15
0.648611
12
15
0.527839
13
15
0.705244
14
15
0.775296
15
15
0.673903
16
15
0.604405
17
15
0.550887
18
15
0.768151
19
15
0.645484
20
15
0.760254
21
15
0.68524
22
15
0.641583
23
15
0.582977
24
15
0.686157
25
15
0.796698
26
15
0.63416
27
15
0.745929
28
15
0.758082
29
15
0.760925
30
15
0.73039
31
15
0.656364
32
15
0.733409
33
15
0.65964
34
15
0.638286
35
15
0.706337
36
15
0.784139
37
15
0.65262
38
15
0.645641
39
15
0.609669
40
15
0.735235
41
15
0.736628
42
15
0.738549
43
15
0.72309
44
15
0.737658
45
15
0.680528
46
15
0.721992
47
15
0.778458
48
15
0.676819
49
15
0.668525
50
15
0.639588
51
15
0.81135
52
15
0.824159
