0
-10
0.783837
1
-10
0.674264
2
-10
0.584952
3
-10
0.636915
4
-10
0.602882
5
-10
0.67643
6
-10
0.674119
7
-10
0.711209
8
-10
0.634845
9
-10
0.713247
10
-10
0.68069
11
-10
0.708248
12
-10
0.721662
13
-10
0.7373
14
-10
0.647537
15
-10
0.702023
16
-10
0.763712
17
-10
0.547252
18
-10
0.741615
19
-10
0.692238
20
-10
0.737913
21
-10
0.715735
22
-10
0.657816
23
-10
0.755356
24
-10
0.682005
25
-10
0.718103
26
-10
0.647978
27
-10
0.74547
28
-10
0.692177
29
-10
0.783913
30
-10
0.594965
31
-10
0.763704
32
-10
0.756865
33
-10
0.741815
34
-10
0.627557
35
-10
0.715627
36
-10
0.641241
37
-10
0.735001
38
-10
0.62969
39
-10
0.706404
40
-10
0.742919
41
-10
0.796043
42
-10
0.673868
43
-10
0.644751
44
-10
0.644641
45
-10
0.59479
46
-10
0.632879
47
-10
0.715532
48
-10
0.676449
49
-10
0.694733
50
-10
0.6596
51
-10
0.596481
52
-10
0.759272
0
-9
0.805129
1
-9
0.69968
2
-9
0.58347
3
-9
0.645673
4
-9
0.630439
5
-9
0.645626
6
-9
0.691449
7
-9
0.596755
8
-9
0.749471
9
-9
0.650993
10
-9
0.57985
11
-9
0.750977
12
-9
0.64735
13
-9
0.629067
14
-9
0.734754
15
-9
0.709515
16
-9
0.692406
17
-9
0.673748
18
-9
0.691023
19
-9
0.766129
20
-9
0.792652
21
-9
0.796298
22
-9
0.415599
23
-9
0.686545
24
-9
0.735431
25
-9
0.709083
26
-9
0.402293
27
-9
0.762266
28
-9
0.706633
29
-9
0.652029
30
-9
0.730881
31
-9
0.71579
32
-9
0.613468
33
-9
0.75599
34
-9
0.783364
35
-9
0.814335
36
-9
0.780956
37
-9
0.741581
38
-9
0.688251
39
-9
0.762392
40
-9
0.807284
41
-9
0.740863
42
-9
0.732569
43
-9
0.701706
44
-9
0.785719
45
-9
0.675821
46
-9
0.782486
47
-9
0.731093
48
-9
0.719713
49
-9
0.768654
50
-9
0.788319
51
-9
0.697221
52
-9
0.745716
0
-8
0.656948
1
-8
0.719195
2
-8
0.816088
3
-8
0.674465
4
-8
0.75778
5
-8
0.747668
6
-8
0.687598
7
-8
0.594547
8
-8
0.394788
9
-8
0.784786
10
-8
0.680103
11
-8
0.78298
12
-8
0.801955
13
-8
0.681944
14
-8
0.688009
15
-8
0.720369
16
-8
0.729689
17
-8
0.655015
18
-8
0.792962
19
-8
0.672957
20
-8
0.613666
21
-8
0.623479
22
-8
0.736731
23
-8
0.692383
24
-8
0.610836
25
-8
0.669059
26
-8
0.623617
27
-8
0.739327
28
-8
0.812382
29
-8
0.808947
30
-8
0.541248
31
-8
0.613183
32
-8
0.778118
33
-8
0.677247
34
-8
0.73312
35
-8
0.749572
36
-8
0.607833
37
-8
0.779786
38
-8
0.799464
39
-8
0.806266
40
-8
0.681807
41
-8
0.720182
42
-8
0.719311
43
-8
0.717843
44
-8
0.687223
45
-8
0.719483
46
-8
0.580389
47
-8
0.709169
48
-8
0.711847
49
-8
0.688736
50
-8
0.679782
51
-8
0.593424
52
-8
0.787386
0
-7
0.690412
1
-7
0.584373
2
-7
0.777063
3
-7
0.738063
4
-7
0.664982
5
-7
0.812388
6
-7
0.766024
7
-7
0.663705
8
-7
0.602913
9
-7
0.601869
10
-7
0.669489
11
-7
0.635211
12
-7
0.515722
13
-7
0.570894
14
-7
0.607896
15
-7
0.761222
16
-7
0.674694
17
-7
0.61828
18
-7
0.690358
19
-7
0.694584
20
-7
0.687662
21
-7
0.670609
22
-7
0.646937
23
-7
0.764343
24
-7
0.763664
25
-7
0.685186
26
-7
0.384787
27
-7
0.716914
28
-7
0.735591
29
-7
0.63833
30
-7
0.598058
31
-7
0.761619
32
-7
0.519992
33
-7
0.65029
34
-7
0.598685
35
-7
0.457399
36
-7
0.679207
37
-7
0.592495
38
-7
0.635803
39
-7
0.668475
40
-7
0.815158
41
-7
0.598969
42
-7
0.619587
43
-7
0.706033
44
-7
0.660981
45
-7
0.699045
46
-7
0.695629
47
-7
0.714703
48
-7
0.60342
49
-7
0.692284
50
-7
0.667793
51
-7
0.708034
52
-7
0.737381
0
-6
0.726108
1
-6
1.61504
2
-6
0.793727
3
-6
0.749882
4
-6
0.655831
5
-6
0.758234
6
-6
0.80329
7
-6
0.596616
8
-6
0.628425
9
-6
0.74187
10
-6
0.375044
11
-6
0.693764
12
-6
0.535937
13
-6
0.751304
14
-6
0.679706
15
-6
0.673311
16
-6
0.741273
17
-6
0.698007
18
-6
0.741548
19
-6
0.785017
20
-6
0.737122
21
-6
0.741636
22
-6
0.802529
23
-6
0.807397
24
-6
0.739709
25
-6
0.611187
26
-6
0.761615
27
-6
0.602833
28
-6
0.791787
29
-6
0.771055
30
-6
0.686297
31
-6
0.760512
32
-6
0.619787
33
-6
0.729551
34
-6
0.769518
35
-6
0.762875
36
-6
0.628595
37
-6
0.777129
38
-6
0.649918
39
-6
0.662355
40
-6
0.741985
41
-6
0.791608
42
-6
0.772584
43
-6
0.632363
44
-6
0.717354
45
-6
0.728116
46
-6
0.633883
47
-6
0.756598
48
-6
0.757128
49
-6
0.770007
50
-6
0.690134
51
-6
0.632962
52
-6
0.57708
0
-5
0.564342
1
-5
0.69579
2
-5
0.683399
3
-5
0.702541
4
-5
0.701957
5
-5
0.66546
6
-5
0.704109
7
-5
0.451617
8
-5
0.714913
9
-5
0.728234
10
-5
0.725699
11
-5
0.630835
12
-5
0.629931
13
-5
0.710144
14
-5
0.472587
15
-5
0.72153
16
-5
0.726597
17
-5
0.72009
18
-5
0.695936
19
-5
0.741115
20
-5
0.651181
21
-5
0.675776
22
-5
0.643592
23
-5
0.526351
24
-5
0.728396
25
-5
0.764394
26
-5
0.737135
27
-5
0.699358
28
-5
0.585054
29
-5
0.565712
30
-5
0.691814
31
-5
0.664869
32
-5
0.670912
33
-5
0.627071
34
-5
0.801351
35
-5
0.662075
36
-5
0.661609
37
-5
0.744001
38
-5
0.605312
39
-5
0.647389
40
-5
0.622884
41
-5
0.728339
42
-5
0.688101
43
-5
0.496256
44
-5
0.762021
45
-5
0.658951
46
-5
0.774097
47
-5
0.631661
48
-5
0.649178
49
-5
0.695923
50
-5
0.625277
51
-5
0.729374
52
-5
0.769777
0
-4
0.598334
1
-4
0.736394
2
-4
0.753425
3
-4
0.773594
4
-4
0.727025
5
-4
0.669695
6
-4
0.66291
7
-4
0.613361
8
-4
0.750243
9
-4
0.739154
10
-4
0.72173
11
-4
0.620395
12
-4
0.76437
13
-4
0.6956
14
-4
0.782145
15
-4
0.6603
16
-4
0.670363
17
-4
0.684179
18
-4
0.765879
19
-4
0.699383
20
-4
0.612022
21
-4
0.702242
22
-4
0.632179
23
-4
0.693343
24
-4
0.669428
25
-4
0.529265
26
-4
0.664171
27
-4
0.690821
28
-4
0.786469
29
-4
0.68148
30
-4
0.727966
31
-4
0.578091
32
-4
0.757836
33
-4
0.703867
34
-4
0.801213
35
-4
0.611065
36
-4
0.65717
37
-4
0.735772
38
-4
0.70572
39
-4
0.604718
40
-4
0.663199
41
-4
0.723236
42
-4
0.699614
43
-4
0.755933
44
-4
0.708098
45
-4
0.647959
46
-4
0.590621
47
-4
0.775944
48
-4
0.678294
49
-4
0.712117
50
-4
0.801382
51
-4
0.589635
52
-4
0.732458
0
-3
0.655188
1
-3
0.664228
2
-3
0.71093
3
-3
0.762741
4
-3
0.691324
5
-3
0.769623
6
-3
0.608292
7
-3
0.654336
8
-3
0.704093
9
-3
0.583066
10
-3
0.657112
11
-3
0.633921
12
-3
0.676336
13
-3
0.612545
14
-3
0.741874
15
-3
0.775095
16
-3
0.808836
17
-3
0.726696
18
-3
0.765393
19
-3
0.359565
20
-3
0.691366
21
-3
0.688274
22
-3
0.688211
23
-3
0.791442
24
-3
0.770785
25
-3
0.714163
26
-3
0.670411
27
-3
0.732146
28
-3
0.709215
29
-3
0.558164
30
-3
0.739463
31
-3
0.62497
32
-3
0.776849
33
-3
0.616384
34
-3
0.435079
35
-3
0.685769
36
-3
0.722014
37
-3
0.785593
38
-3
0.707617
39
-3
0.80842
40
-3
0.672776
41
-3
0.701215
42
-3
0.594796
43
-3
0.591968
44
-3
0.642549
45
-3
0.729164
46
-3
0.690769
47
-3
0.744379
48
-3
0.698204
49
-3
0.793117
50
-3
0.799224
51
-3
0.70687
52
-3
0.733101
0
-2
0.682666
1
-2
0.806147
2
-2
0.650409
3
-2
0.674282
4
-2
0.699751
5
-2
0.198155
6
-2
0.713785
7
-2
0.710219
8
-2
0.676208
9
-2
0.68496
10
-2
0.476181
11
-2
0.655123
12
-2
0.700403
13
-2
0.668604
14
-2
0.691017
15
-2
0.627373
16
-2
0.749991
17
-2
0.711585
18
-2
0.642135
19
-2
0.658897
20
-2
0.831522
21
-2
0.52417
22
-2
0.62968
23
-2
0.685628
24
-2
0.80438
25
-2
0.707486
26
-2
0.741608
27
-2
0.746342
28
-2
0.607852
29
-2
0.772295
30
-2
0.613103
31
-2
0.55368
32
-2
0.716306
33
-2
0.689783
34
-2
0.635751
35
-2
0.756272
36
-2
0.73244
37
-2
0.805177
38
-2
0.780419
39
-2
0.591247
40
-2
0.635424
41
-2
0.739123
42
-2
0.678642
43
-2
0.744056
44
-2
0.594163
45
-2
0.767388
46
-2
0.655019
47
-2
0.799592
48
-2
0.7459
49
-2
0.742457
50
-2
0.802817
51
-2
0.713399
52
-2
0.697373
0
-1
0.544119
1
-1
0.716924
2
-1
0.521671
3
-1
0.677338
4
-1
0.702584
5
-1
0.689056
6
-1
0.67016
7
-1
0.709886
8
-1
0.646076
9
-1
0.709941
10
-1
0.754703
11
-1
0.721762
12
-1
0.731876
13
-1
0.633495
14
-1
0.56006
15
-1
0.824627
16
-1
0.765429
17
-1
0.5079
18
-1
0.618482
19
-1
0.678403
20
-1
0.648841
21
-1
0.637092
22
-1
0.80192
23
-1
0.613367
24
-1
0.75824
25
-1
0.766674
26
-1
0.778403
27
-1
0.612086
28
-1
0.592405
29
-1
0.455799
30
-1
0.685858
31
-1
0.690728
32
-1
0.667595
33
-1
0.71231
34
-1
0.698171
35
-1
0.747165
36
-1
0.767255
37
-1
0.617963
38
-1
0.735593
39
-1
0.633428
40
-1
0.635627
41
-1
0.695975
42
-1
0.739697
43
-1
0.653751
44
-1
0.579798
45
-1
0.77718
46
-1
0.687283
47
-1
0.788249
48
-1
0.787842
49
-1
0.664112
50
-1
0.719879
51
-1
0.567409
52
-1
0.774393
0
0
0.803435
1
0
0.783406
2
0
0.714289
3
0
0.685418
4
0
0.806928
5
0
0.669124
6
0
0.638332
7
0
0.702874
8
0
0.733331
9
0
0.707435
10
0
0.620296
11
0
0.670241
12
0
0
13
0
0.529603
14
0
0.708407
15
0
0.525315
16
0
0.632703
17
0
0.717927
18
0
0.72571
19
0
0.664373
20
0
0.648756
21
0
0.600903
22
0
0.77963
23
0
0.70197
24
0
0.557294
25
0
0.724949
26
0
0.722015
27
0
0.662678
28
0
0.491669
29
0
0.743524
30
0
0.690522
31
0
0.732493
32
0
0.695225
33
0
0.749468
34
0
0.667139
35
0
0.74043
36
0
0.652289
37
0
0.785274
38
0
0.677936
39
0
0.774068
40
0
0.595993
41
0
0.657144
42
0
0.708677
43
0
0.585091
44
0
0.75582
45
0
0.764854
46
0
0.739374
47
0
0.604164
48
0
0.672406
49
0
0.690415
50
0
0.291652
51
0
0.651661
52
0
0.755909
0
1
0.642716
1
1
0.73909
2
1
0.629246
3
1
0.698532
4
1
0.753657
5
1
0.532915
6
1
0.653044
7
1
0.610754
8
1
0.680206
9
1
0.661665
10
1
0.697422
11
1
1.32282
12
1
0.703174
13
1
0.686888
14
1
0.779923
15
1
0.705191
16
1
0.755633
17
1
0.648937
18
1
0.692393
19
1
0.438337
20
1
0.676922
21
1
0.762982
22
1
0.59215
23
1
0.753052
24
1
0.712311
25
1
0.713527
26
1
0.808142
27
1
0.616142
28
1
0.680386
29
1
0.73369
30
1
0.728482
31
1
0.779167
32
1
0.61185
33
1
0.633404
34
1
0.784609
35
1
0.507887
36
1
0.807824
37
1
0.675025
38
1
0.64873
39
1
0.671569
40
1
0.762482
41
1
0.668236
42
1
0.774349
43
1
0.622185
44
1
0.663629
45
1
0.619885
46
1
0.574632
47
1
0.792068
48
1
0.554443
49
1
0.734589
50
1
0.604392
51
1
0.70408
52
1
0.751591
0
2
0.624584
1
2
0.791213
2
2
0.599353
3
2
0.767566
4
2
0.741231
5
2
0.763537
6
2
0.765638
7
2
0.44958
8
2
0.65238
9
2
0.696473
10
2
0.56793
11
2
0.783806
12
2
0.599031
13
2
0.792089
14
2
1.54674
15
2
0.6773
16
2
0.808777
17
2
0.662979
18
2
0.737908
19
2
0.746536
20
2
0.0316729
21
2
0.67147
22
2
0.70085
23
2
0.770971
24
2
0.747083
25
2
0.457298
26
2
0.638749
27
2
0.667261
28
2
0.695368
29
2
0.821176
30
2
0.784285
31
2
0.712318
32
2
0.729543
33
2
0.806141
34
2
0.794462
35
2
0.682282
36
2
0.562458
37
2
0.759855
38
2
0.813499
39
2
0.590627
40
2
0.656606
41
2
0.753652
42
2
0.631979
43
2
0.619635
44
2
0.577007
45
2
0.650024
46
2
0.705593
47
2
0.756769
48
2
0.747574
49
2
0.797327
50
2
0.628715
51
2
0.685297
52
2
0.677195
0
3
0.739304
1
3
0.589267
2
3
0.799919
3
3
0.710708
4
3
0.728335
5
3
0.723252
6
3
0.735916
7
3
0.704613
8
3
0.688746
9
3
0.59333
10
3
0.810353
11
3
0.661268
12
3
0.312339
13
3
0.673073
14
3
0.762444
15
3
0.662032
16
3
0.622581
17
3
0.691214
18
3
0.796398
19
3
0.6789
20
3
0.651852
21
3
0.752097
22
3
0.7653
23
3
0.748412
24
3
0.627924
25
3
0.693856
26
3
0.621253
27
3
0.726716
28
3
0.677834
29
3
0.637344
30
3
0.715866
31
3
0.680718
32
3
0.586361
33
3
0.613929
34
3
0.706035
35
3
0.744309
36
3
0.593273
37
3
0.580349
38
3
0.727279
39
3
0.671243
40
3
0.726992
41
3
0.0366032
42
3
0.729289
43
3
0.804674
44
3
0.785386
45
3
0.779391
46
3
0.790812
47
3
0.686686
48
3
0.679999
49
3
0.711299
50
3
0.589251
51
3
0.666772
52
3
0.686946
0
4
0.712972
1
4
0.749596
2
4
0.445034
3
4
0.780307
4
4
0.759385
5
4
0.741866
6
4
0.636297
7
4
0.650208
8
4
0.581245
9
4
0.808401
10
4
0.801656
11
4
-0.0166621
12
4
0.75143
13
4
0.771776
14
4
0.601368
15
4
0.811794
16
4
0.830403
17
4
0.746948
18
4
0.690111
19
4
0.594546
20
4
0.716495
21
4
0.689497
22
4
0.769088
23
4
0.809234
24
4
0.663195
25
4
0.790902
26
4
0.788278
27
4
0.683188
28
4
0.682081
29
4
0.780216
30
4
0.737113
31
4
0.558846
32
4
0.614285
33
4
0.627907
34
4
0.757802
35
4
0.655487
36
4
0.676493
37
4
0.679705
38
4
0.694939
39
4
0.770272
40
4
0.620691
41
4
0.745592
42
4
0.731564
43
4
0.808702
44
4
0.760114
45
4
0.625524
46
4
0.506034
47
4
0.636341
48
4
0.806286
49
4
0.788529
50
4
0.598601
51
4
0.670558
52
4
0.802596
0
5
0.79989
1
5
0.773285
2
5
0.813277
3
5
0.673569
4
5
0.623074
5
5
0.650369
6
5
0.748291
7
5
0.643407
8
5
0.746458
9
5
0.446973
10
5
0.666869
11
5
0.696105
12
5
0.746121
13
5
0.764776
14
5
0.598272
15
5
0.767485
16
5
0.613031
17
5
0.706837
18
5
0.640618
19
5
0.629105
20
5
0.793636
21
5
0.759794
22
5
0.34837
23
5
0.733863
24
5
0.782542
25
5
0.69505
26
5
0.67479
27
5
0.773181
28
5
0.559673
29
5
0.710343
30
5
0.658447
31
5
0.71123
32
5
0.76242
33
5
0.725392
34
5
0.578836
35
5
0.66148
36
5
0.63067
37
5
0.673197
38
5
0.690504
39
5
0.621502
40
5
0.638258
41
5
0.682063
42
5
0.707965
43
5
0.7651
44
5
0.666904
45
5
0.730964
46
5
0.692047
47
5
0.734641
48
5
0.633544
49
5
0.743888
50
5
0.704792
51
5
0.790825
52
5
0.775025
0
6
0.696599
1
6
0.781748
2
6
0.596018
3
6
0.649048
4
6
0.741355
5
6
0.79873
6
6
0.59687
7
6
0.681729
8
6
0.771305
9
6
0.573842
10
6
0.626841
11
6
0.705727
12
6
0.647553
13
6
0.762276
14
6
0.634587
15
6
0.747245
16
6
0.729468
17
6
0.702263
18
6
0.63177
19
6
0.774557
20
6
0.55955
21
6
0.759458
22
6
0.670236
23
6
0.490912
24
6
0.796187
25
6
0.687947
26
6
0.813621
27
6
0.591749
28
6
0.667925
29
6
0.678546
30
6
0.704304
31
6
0.751213
32
6
0.687409
33
6
0.731777
34
6
0.643223
35
6
0.802709
36
6
0.590471
37
6
0.625478
38
6
0.534404
39
6
0.489222
40
6
0.69605
41
6
0.726243
42
6
0.551823
43
6
0.551902
44
6
0.734275
45
6
0.591767
46
6
0.795158
47
6
0.489212
48
6
0.597089
49
6
0.730557
50
6
0.777068
51
6
0.759169
52
6
0.748955
0
7
0.48039
1
7
0.785263
2
7
0.696354
3
7
0.726679
4
7
0.787974
5
7
0.808823
6
7
0.791353
7
7
0.780152
8
7
0.769499
9
7
0.631854
10
7
0.766233
11
7
0.735156
12
7
0.698833
13
7
0.666709
14
7
0.646212
15
7
0.764476
16
7
0.717604
17
7
0.673891
18
7
0.758662
19
7
0.731864
20
7
0.774129
21
7
0.724875
22
7
0.691284
23
7
0.580836
24
7
0.613265
25
7
0.485242
26
7
0.584942
27
7
0.746163
28
7
0.607605
29
7
0.65053
30
7
0.743537
31
7
0.650581
32
7
0.772823
33
7
0.654525
34
7
0.776436
35
7
0.620615
36
7
0.7125
37
7
0.639037
38
7
0.667257
39
7
0.664249
40
7
0.722361
41
7
0.791297
42
7
0.622795
43
7
0.63476
44
7
0.702353
45
7
0.64006
46
7
0.698961
47
7
0.675174
48
7
0.734439
49
7
0.738947
50
7
0.516429
51
7
0.726784
52
7
0.655682
0
8
0.643755
1
8
0.69031
2
8
0.72624
3
8
0.735996
4
8
0.767497
5
8
0.709808
6
8
0.684238
7
8
0.716877
8
8
0.755144
9
8
0.6853
10
8
0.628766
11
8
0.751629
12
8
0.773379
13
8
0.76544
14
8
0.653024
15
8
0.658544
16
8
0.800183
17
8
0.71671
18
8
0.600011
19
8
0.792067
20
8
0.761915
21
8
0.763953
22
8
0.673746
23
8
0.724291
24
8
0.567682
25
8
0.738388
26
8
0.823691
27
8
0.624785
28
8
0.56788
29
8
0.610518
30
8
0.711161
31
8
0.652137
32
8
0.689511
33
8
0.807593
34
8
0.744678
35
8
0.743799
36
8
0.524973
37
8
0.720736
38
8
0.797556
39
8
0.785152
40
8
0.71693
41
8
0.714767
42
8
0.581703
43
8
0.715835
44
8
0.666115
45
8
0.718712
46
8
0.742593
47
8
0.684142
48
8
0.617216
49
8
0.729371
50
8
0.745567
51
8
0.812378
52
8
0.768428
0
9
0.0937622
1
9
0.601657
2
9
0.634708
3
9
0.721982
4
9
0.614929
5
9
0.647573
6
9
0.507235
7
9
0.728996
8
9
0.647518
9
9
0.780449
10
9
0.713093
11
9
0.57094
12
9
0.793293
13
9
0.71182
14
9
0.69443
15
9
0.727807
16
9
0.720175
17
9
0.643416
18
9
0.572974
19
9
0.787529
20
9
0.754142
21
9
0.665561
22
9
0.747642
23
9
0.705206
24
9
0.657533
25
9
0.729437
26
9
0.687156
27
9
0.696694
28
9
0.690447
29
9
0.725967
30
9
0.597343
31
9
0.515606
32
9
0.727968
33
9
0.756042
34
9
0.478165
35
9
0.76046
36
9
0.76034
37
9
0.669019
38
9
0.746982
39
9
0.691043
40
9
0.663524
41
9
0.778573
42
9
0.739888
43
9
0.691111
44
9
0.753317
45
9
0.772907
46
9
0.647134
47
9
0.742563
48
9
0.568885
49
9
0.6753
50
9
0.759675
51
9
0.470586
52
9
0.775805
0
10
0.661967
1
10
0.652719
2
10
0.702354
3
10
0.716313
4
10
0.667298
5
10
0.761333
6
10
0.804449
7
10
0.599454
8
10
0.655188
9
10
0.816116
10
10
0.648236
11
10
0.710404
12
10
0.730916
13
10
0.736126
14
10
0.719391
15
10
0.731865
16
10
0.68784
17
10
0.653572
18
10
0.701069
19
10
0.688644
20
10
0.779313
21
10
0.709491
22
10
0.626029
23
10
0.639166
24
10
0.620999
25
10
0.697898
26
10
0.680299
27
10
0.675495
28
10
0.659591
29
10
0.754548
30
10
0.717698
31
10
0.635489
32
10
0.529164
33
10
0.739305
34
10
0.77595
35
10
0.773654
36
10
0.662764
37
10
0.606359
38
10
0.681579
39
10
0.593339
40
10
0.688793
41
10
0.688285
42
10
0.765555
43
10
0.711632
44
10
0.67981
45
10
0.58872
46
10
0.69703
47
10
0.679402
48
10
0.686576
49
10
0.694573
50
10
0.68195
51
10
0.674946
52
10
0.665803
0
11
0.817379
1
11
0.788435
2
11
0.676424
3
11
0.757061
4
11
0.736983
5
11
0.608327
6
11
0.613333
7
11
0.637128
8
11
0.676955
9
11
0.65803
10
11
0.570798
11
11
0.700677
12
11
0.727502
13
11
0.71604
14
11
0.785593
15
11
0.69267
16
11
0.779713
17
11
0.700353
18
11
0.607119
19
11
0.573955
20
11
0.748318
21
11
0.658632
22
11
0.746937
23
11
0.578752
24
11
0.554547
25
11
0.650261
26
11
0.679846
27
11
0.764552
28
11
0.688106
29
11
0.693302
30
11
0.634763
31
11
0.689764
32
11
0.792464
33
11
0.656175
34
11
0.648085
35
11
0.686968
36
11
0.735236
37
11
0.722038
38
11
0.762765
39
11
0.67876
40
11
0.779744
41
11
0.654404
42
11
0.630835
43
11
0.617422
44
11
0.569721
45
11
0.772621
46
11
0.788281
47
11
0.772125
48
11
0.714947
49
11
0.645534
50
11
0.7648
51
11
0.653556
52
11
0.582013
0
12
0.649102
1
12
0.629147
2
12
0.410407
3
12
0.648083
4
12
0.662711
5
12
0.693852
6
12
0.633422
7
12
0.747131
8
12
0.708358
9
12
0.669145
10
12
0.570121
11
12
0.729946
12
12
0.660412
13
12
0.784518
14
12
0.568219
15
12
0.575022
16
12
0.704586
17
12
0.695522
18
12
0.654059
19
12
0.721572
20
12
0.699281
21
12
0.64333
22
12
0.691615
23
12
0.797177
24
12
0.787678
25
12
0.703472
26
12
0.467571
27
12
0.661264
28
12
0.729648
29
12
0.709102
30
12
0.718181
31
12
0.616878
32
12
0.68241
33
12
0.745299
34
12
0.64233
35
12
0.749517
36
12
0.800566
37
12
0.61943
38
12
0.734764
39
12
0.725037
40
12
0.735671
41
12
0.749422
42
12
0.58768
43
12
0.74829
44
12
0.669671
45
12
0.590089
46
12
0.660218
47
12
0.655984
48
12
0.700407
49
12
0.800744
50
12
0.559493
51
12
0.61529
52
12
0.672416
0
13
0.809478
1
13
0.706922
2
13
0.693271
3
13
0.742997
4
13
0.680898
5
13
0.596732
6
13
0.598321
7
13
0.681081
8
13
0.529962
9
13
0.6906
10
13
0.592577
11
13
0.32698
12
13
0.574556
13
13
0.408343
14
13
0.775198
15
13
0.649171
16
13
0.734781
17
13
0.353997
18
13
0.764052
19
13
0.7199
20
13
0.645326
21
13
0.60976
22
13
0.668984
23
13
0.672972
24
13
0.75575
25
13
0.689117
26
13
0.693931
27
13
0.736477
28
13
0.745514
29
13
0.64872
30
13
0.617241
31
13
0.809178
32
13
0.606883
33
13
0.750918
34
13
0.817615
35
13
0.795145
36
13
0.749771
37
13
0.602999
38
13
0.760151
39
13
0.721731
40
13
0.687459
41
13
0.707079
42
13
0.671407
43
13
0.807701
44
13
0.807684
45
13
0.630073
46
13
0.675478
47
13
0.783515
48
13
0.804451
49
13
0.670268
50
13
0.642435
51
13
0.698618
52
13
0.698758
0
14
0.741376
1
14
0.764215
2
14
0.595443
3
14
0.607153
4
14
0.672709
5
14
0.796184
6
14
0.776224
7
14
0.634612
8
14
0.689
9
14
0.786471
10
14
0.654225
11
14
0.697499
12
14
0.65393
13
14
0.606209
14
14
0.673955
15
14
0.663883
16
14
0.7506
17
14
0.67992
18
14
0.690818
19
14
0.665114
20
14
0.769159
21
14
0.765543
22
14
0.710201
23
14
0.716253
24
14
0.799189
25
14
0.681005
26
14
0.702654
27
14
0.65729
28
14
0.805562
29
14
0.696655
30
14
0.651686
31
14
0.703568
32
14
0.725309
33
14
0.705484
34
14
0.750474
35
14
0.564795
36
14
0.597597
37
14
0.773529
38
14
0.68309
39
14
0.755932
40
14
0.43828
41
14
0.702947
42
14
0.744614
43
14
0.651277
44
14
0.725701
45
14
0.694368
46
14
0.690335
47
14
0.810415
48
14
0.649408
49
14
0.695821
50
14
0.679679
51
14
0.669768
52
14
0.683328
0
15
0.690759
1
15
0.499394
2
15
0.783559
3
15
0.71529
4
15
0.709235
5
15
0.387826
6
15
0.648247
7
15
0.774675
8
15
0.653515
9
15
0.619036
10
15
0.716247
11
15
0.78469
12
15
0.630167
13
15
0.800978
14
15
0.663145
15
15
0.671358
16
15
0.759412
17
15
0.249785
18
15
0.642741
19
15
0.592973
20
15
0.60912
21
15
0.756064
22
15
0.796102
23
15
0.78802
24
15
0.700532
25
15
0.685754
26
15
0.690195
27
15
0.689825
28
15
0.714735
29
15
0.772567
30
15
0.724632
31
15
0.743746
32
15
0.686089
33
15
0.76692
34
15
0.740221
35
15
0.829867
36
15
0.497255
37
15
0.776564
38
15
0.76989
39
15
0.797342
40
15
0.767396
41
15
0.700777
42
15
0.694844
43
15
0.743755
44
15
0.718082
45
15
0.766323
46
15
0.510012
47
15
0.653444
48
15
0.773118
49
15
0.6026
50
15
0.672732
51
15
0.770085
52
15
0.65367
