0
-10
0.701962
1
-10
0.697712
2
-10
0.657919
3
-10
0.783124
4
-10
0.772827
5
-10
0.784588
6
-10
0.676455
7
-10
0.729213
8
-10
0.756474
9
-10
0.78539
10
-10
9.65814
11
-10
0.712501
12
-10
0.783308
13
-10
0.697861
14
-10
0.696029
15
-10
0.609724
16
-10
0.683176
17
-10
0.769372
18
-10
0.636304
19
-10
0.641667
20
-10
0.647806
21
-10
0.676138
22
-10
0.728762
23
-10
0.68768
24
-10
0.684031
25
-10
0.665418
26
-10
0.704298
27
-10
0.701064
28
-10
0.810285
29
-10
0.729575
30
-10
0.624401
31
-10
0.795925
32
-10
0.747795
33
-10
0.727833
34
-10
0.710862
35
-10
0.729099
36
-10
0.63617
37
-10
9.43443
38
-10
0.674687
39
-10
0.720627
40
-10
0.743279
41
-10
0.756769
42
-10
0.629755
43
-10
0.67916
44
-10
0.716076
45
-10
0.690513
46
-10
0.696614
47
-10
0.73106
48
-10
0.760745
49
-10
0.747845
50
-10
0.624999
51
-10
0.68831
52
-10
0.747752
0
-9
0.810985
1
-9
0.624784
2
-9
0.772337
3
-9
0.667008
4
-9
0.728369
5
-9
0.618335
6
-9
0.714344
7
-9
0.804423
8
-9
0.688574
9
-9
0.691569
10
-9
0.722749
11
-9
0.780543
12
-9
0.84055
13
-9
0.691747
14
-9
0.70586
15
-9
0.654734
16
-9
0.702362
17
-9
0.617141
18
-9
0.725064
19
-9
0.637754
20
-9
0.691953
21
-9
0.644821
22
-9
0.694619
23
-9
0.701751
24
-9
0.647995
25
-9
0.788308
26
-9
0.752406
27
-9
0.715738
28
-9
0.650312
29
-9
0.627291
30
-9
0.719725
31
-9
0.654993
32
-9
0.698948
33
-9
0.685045
34
-9
0.732339
35
-9
0.694181
36
-9
0.781865
37
-9
0.630746
38
-9
0.701538
39
-9
0.794252
40
-9
0.718757
41
-9
0.694684
42
-9
0.615765
43
-9
0.754354
44
-9
0.725434
45
-9
0.706243
46
-9
0.641679
47
-9
0.658574
48
-9
0.733131
49
-9
0.709992
50
-9
0.645064
51
-9
0.68328
52
-9
0.805516
0
-8
0.703301
1
-8
0.673944
2
-8
0.581516
3
-8
0.675367
4
-8
0.765731
5
-8
0.627311
6
-8
0.772807
7
-8
0.701918
8
-8
0.741361
9
-8
0.675837
10
-8
0.650451
11
-8
0.708492
12
-8
0.660604
13
-8
0.723137
14
-8
0.68291
15
-8
0.746406
16
-8
0.686964
17
-8
0.695122
18
-8
0.71433
19
-8
0.641723
20
-8
0.666605
21
-8
0.693916
22
-8
0.740513
23
-8
0.696108
24
-8
0.722817
25
-8
0.711726
26
-8
0.806941
27
-8
0.766775
28
-8
0.639478
29
-8
0.775813
30
-8
0.720984
31
-8
0.759798
32
-8
0.760679
33
-8
0.665595
34
-8
0.784158
35
-8
0.671356
36
-8
0.774941
37
-8
0.753468
38
-8
0.753363
39
-8
0.735788
40
-8
0.777241
41
-8
0.79156
42
-8
0.686464
43
-8
0.802031
44
-8
0.761468
45
-8
0.760296
46
-8
0.748029
47
-8
0.748857
48
-8
0.700406
49
-8
0.741339
50
-8
0.690964
51
-8
0.688031
52
-8
0.808431
0
-7
0.727525
1
-7
0.760114
2
-7
0.696175
3
-7
0.682635
4
-7
0.828259
5
-7
0.628984
6
-7
0.75881
7
-7
0.726114
8
-7
0.621335
9
-7
0.594039
10
-7
0.719336
11
-7
0.617051
12
-7
0.665755
13
-7
0.631322
14
-7
0.622943
15
-7
0.778856
16
-7
0.712429
17
-7
0.761097
18
-7
0.683727
19
-7
0.741845
20
-7
0.590315
21
-7
0.714422
22
-7
0.707073
23
-7
0.690048
24
-7
0.758436
25
-7
0.519167
26
-7
0.636672
27
-7
0.697972
28
-7
0.735074
29
-7
0.631963
30
-7
0.708644
31
-7
0.62392
32
-7
0.732352
33
-7
0.654594
34
-7
0.682174
35
-7
0.753835
36
-7
9.99514
37
-7
0.648735
38
-7
0.813658
39
-7
0.753262
40
-7
0.662237
41
-7
0.655464
42
-7
0.695864
43
-7
0.745292
44
-7
0.697132
45
-7
0.600614
46
-7
0.691218
47
-7
0.71031
48
-7
0.718535
49
-7
0.632893
50
-7
0.668244
51
-7
0.648857
52
-7
0.801288
0
-6
0.639336
1
-6
0.675238
2
-6
0.731184
3
-6
0.763231
4
-6
0.680821
5
-6
0.648838
6
-6
0.642931
7
-6
0.773595
8
-6
0.617446
9
-6
0.719933
10
-6
0.818929
11
-6
0.707039
12
-6
0.710936
13
-6
0.683484
14
-6
0.745211
15
-6
0.652247
16
-6
0.750999
17
-6
0.766438
18
-6
0.651973
19
-6
0.69962
20
-6
0.703517
21
-6
0.69018
22
-6
0.605783
23
-6
0.633927
24
-6
0.631335
25
-6
0.746685
26
-6
0.74228
27
-6
0.80801
28
-6
0.738131
29
-6
0.719392
30
-6
0.748254
31
-6
0.764044
32
-6
0.673206
33
-6
0.673795
34
-6
0.74204
35
-6
0.730115
36
-6
0.684856
37
-6
0.670115
38
-6
0.807909
39
-6
0.744034
40
-6
0.760507
41
-6
0.685854
42
-6
0.745484
43
-6
0.728765
44
-6
0.644796
45
-6
0.822926
46
-6
0.786561
47
-6
0.729788
48
-6
0.625836
49
-6
0.78844
50
-6
0.687447
51
-6
0.690075
52
-6
0.665414
0
-5
0.688556
1
-5
0.786676
2
-5
0.622798
3
-5
0.620997
4
-5
0.742166
5
-5
0.726842
6
-5
0.644712
7
-5
0.726704
8
-5
0.654958
9
-5
0.750801
10
-5
0.768185
11
-5
0.763053
12
-5
10.3831
13
-5
0.714167
14
-5
0.681914
15
-5
0.698746
16
-5
0.782574
17
-5
0.762197
18
-5
0.600489
19
-5
0.700248
20
-5
0.641156
21
-5
0.677521
22
-5
0.716355
23
-5
0.747307
24
-5
0.764458
25
-5
0.660486
26
-5
0.611775
27
-5
0.690516
28
-5
0.710771
29
-5
0.804368
30
-5
0.505002
31
-5
0.756201
32
-5
0.643541
33
-5
0.738648
34
-5
0.65735
35
-5
0.651475
36
-5
0.619187
37
-5
0.592184
38
-5
0.660746
39
-5
0.791937
40
-5
0.746385
41
-5
0.781888
42
-5
0.646576
43
-5
0.813534
44
-5
0.775789
45
-5
0.732001
46
-5
0.743899
47
-5
9.22225
48
-5
0.628274
49
-5
10.4815
50
-5
0.732396
51
-5
0.625856
52
-5
0.628619
0
-4
0.694405
1
-4
0.811827
2
-4
0.66427
3
-4
0.767846
4
-4
0.716491
5
-4
0.668014
6
-4
0.694243
7
-4
0.683803
8
-4
0.736658
9
-4
0.720705
10
-4
0.811781
11
-4
0.708219
12
-4
0.746672
13
-4
0.827629
14
-4
0.790112
15
-4
0.657197
16
-4
9.80003
17
-4
0.762118
18
-4
0.76697
19
-4
0.786777
20
-4
0.631496
21
-4
0.760093
22
-4
0.66067
23
-4
0.810713
24
-4
0.64859
25
-4
0.804774
26
-4
0.779616
27
-4
0.648211
28
-4
0.721257
29
-4
0.793607
30
-4
0.674702
31
-4
0.767838
32
-4
0.693005
33
-4
0.686753
34
-4
0.700441
35
-4
10.7726
36
-4
0.746957
37
-4
0.699765
38
-4
0.705187
39
-4
0.666194
40
-4
0.753207
41
-4
0.741209
42
-4
0.64753
43
-4
1.86742
44
-4
0.654725
45
-4
0.776508
46
-4
0.774219
47
-4
0.639675
48
-4
0.726734
49
-4
0.666391
50
-4
0.755858
51
-4
0.656707
52
-4
0.645658
0
-3
0.803494
1
-3
0.744506
2
-3
0.607161
3
-3
0.692474
4
-3
0.6929
5
-3
0.626203
6
-3
0.723514
7
-3
0.619996
8
-3
0.655835
9
-3
0.753119
10
-3
0.637829
11
-3
0.731078
12
-3
10.7669
13
-3
0.730476
14
-3
0.678624
15
-3
0.804394
16
-3
0.740069
17
-3
0.670514
18
-3
0.659134
19
-3
0.769044
20
-3
0.759798
21
-3
0.640143
22
-3
0.754809
23
-3
0.743957
24
-3
0.779487
25
-3
0.671746
26
-3
0.783593
27
-3
0.67412
28
-3
0.689565
29
-3
9.36854
30
-3
0.821199
31
-3
0.798504
32
-3
0.682944
33
-3
0.667731
34
-3
0.712489
35
-3
0.636041
36
-3
0.76585
37
-3
0.61043
38
-3
0.716808
39
-3
0.715638
40
-3
0.749062
41
-3
0.800196
42
-3
0.817119
43
-3
0.621771
44
-3
0.685756
45
-3
4.7954
46
-3
0.646562
47
-3
5.95354
48
-3
0.660176
49
-3
0.702435
50
-3
0.595354
51
-3
0.729813
52
-3
0.762465
0
-2
0.707116
1
-2
0.799871
2
-2
0.766781
3
-2
0.688517
4
-2
0.789544
5
-2
0.707289
6
-2
0.729387
7
-2
0.753358
8
-2
0.831146
9
-2
0.769918
10
-2
0.775031
11
-2
0.685642
12
-2
0.713355
13
-2
0.704768
14
-2
0.676151
15
-2
0.685827
16
-2
0.693548
17
-2
0.740785
18
-2
0.807341
19
-2
0.726086
20
-2
0.802943
21
-2
0.601663
22
-2
0.674117
23
-2
0.718384
24
-2
0.643811
25
-2
0.545005
26
-2
0.651254
27
-2
0.771172
28
-2
0.643919
29
-2
0.647408
30
-2
0.696355
31
-2
0.684215
32
-2
0.756638
33
-2
0.755833
34
-2
0.591345
35
-2
0.708143
36
-2
0.719276
37
-2
0.736176
38
-2
0.748316
39
-2
0.738941
40
-2
0.708305
41
-2
0.689252
42
-2
0.740775
43
-2
0.709373
44
-2
0.682439
45
-2
0.674407
46
-2
0.792463
47
-2
0.746862
48
-2
0.639492
49
-2
0.693346
50
-2
0.623961
51
-2
0.662725
52
-2
0.632896
0
-1
0.659797
1
-1
0.595314
2
-1
0.709015
3
-1
0.765086
4
-1
0.72784
5
-1
0.738763
6
-1
0.64033
7
-1
0.610135
8
-1
0.780925
9
-1
0.789083
10
-1
0.648439
11
-1
0.765067
12
-1
0.674997
13
-1
0.716799
14
-1
0.797677
15
-1
0.75477
16
-1
0.761532
17
-1
0.725094
18
-1
0.746693
19
-1
0.766627
20
-1
0.718606
21
-1
0.720506
22
-1
0.614914
23
-1
0.723636
24
-1
0.782248
25
-1
0.724218
26
-1
0.64156
27
-1
0.749438
28
-1
0.820515
29
-1
11.1402
30
-1
0.633225
31
-1
0.703045
32
-1
0.737348
33
-1
0.658848
34
-1
0.725262
35
-1
0.699165
36
-1
0.778746
37
-1
0.731279
38
-1
0.632292
39
-1
0.75571
40
-1
0.769988
41
-1
0.684406
42
-1
0.695577
43
-1
0.764335
44
-1
0.807764
45
-1
0.754674
46
-1
0.629169
47
-1
0.682846
48
-1
0.633979
49
-1
0.690167
50
-1
0.732373
51
-1
0.72825
52
-1
0.765421
0
0
0.742275
1
0
0.622552
2
0
0.825591
3
0
0.719774
4
0
0.698974
5
0
0.669735
6
0
0.683619
7
0
0.744613
8
0
0.592914
9
0
0.710416
10
0
0.676671
11
0
0.729555
12
0
0.639796
13
0
0.674113
14
0
0.706257
15
0
0.66591
16
0
0.737038
17
0
0.79736
18
0
0.679848
19
0
0.694666
20
0
0.567519
21
0
0.73168
22
0
0.595417
23
0
0.677694
24
0
0.656114
25
0
0.809504
26
0
0.695067
27
0
0.738074
28
0
0.679103
29
0
0.693643
30
0
0.693726
31
0
0.807161
32
0
0.698135
33
0
0.684975
34
0
0.653874
35
0
0.611414
36
0
0.730782
37
0
0.684999
38
0
0.814455
39
0
0.729425
40
0
0.751179
41
0
0.731
42
0
0.750434
43
0
0.822698
44
0
0.67347
45
0
0.732497
46
0
0.798536
47
0
0.671197
48
0
0.649532
49
0
0.690626
50
0
0.731588
51
0
0.798417
52
0
10.7579
0
1
0.745098
1
1
0.777681
2
1
0.778738
3
1
0.688896
4
1
0.781825
5
1
0.747256
6
1
0.685384
7
1
0.74938
8
1
0.817488
9
1
0.629981
10
1
0.67129
11
1
0.735064
12
1
0.68526
13
1
0.654715
14
1
0.650292
15
1
0.70615
16
1
9.87786
17
1
0.760499
18
1
0.753932
19
1
0.653318
20
1
6.00323
21
1
0.645861
22
1
0.677025
23
1
0.541588
24
1
0.813622
25
1
0.666618
26
1
0.769098
27
1
0.774268
28
1
0.746373
29
1
0.659283
30
1
0.738478
31
1
0.72452
32
1
0.782339
33
1
0.70814
34
1
0.712471
35
1
0.802028
36
1
0.693879
37
1
0.781692
38
1
0.705108
39
1
0.637493
40
1
0.587502
41
1
0.676342
42
1
0.674115
43
1
0.671894
44
1
0.67191
45
1
0.768801
46
1
0.723019
47
1
0.69995
48
1
0.780398
49
1
0.667596
50
1
0.703364
51
1
0.747505
52
1
0.714518
0
2
0.765922
1
2
0.727859
2
2
0.617402
3
2
0.774188
4
2
0.714615
5
2
0.685207
6
2
0.753449
7
2
0.733771
8
2
0.63747
9
2
0.634563
10
2
0.69061
11
2
0.630812
12
2
0.690299
13
2
0.671964
14
2
0.71034
15
2
0.668869
16
2
0.742347
17
2
0.807112
18
2
0.729493
19
2
0.706536
20
2
0.68942
21
2
0.723684
22
2
0.653238
23
2
0.722478
24
2
0.656905
25
2
0.624213
26
2
0.760064
27
2
0.696713
28
2
0.631975
29
2
0.655309
30
2
0.724765
31
2
0.775688
32
2
0.739402
33
2
0.660915
34
2
0.632656
35
2
0.74946
36
2
0.778833
37
2
0.706455
38
2
0.738215
39
2
0.694681
40
2
0.669778
41
2
0.666411
42
2
0.728788
43
2
0.699457
44
2
0.580399
45
2
0.694583
46
2
0.595345
47
2
0.659854
48
2
0.702871
49
2
0.776651
50
2
0.634366
51
2
0.662916
52
2
0.711919
0
3
0.763016
1
3
0.617311
2
3
0.773319
3
3
0.708021
4
3
0.765884
5
3
0.718175
6
3
0.678708
7
3
0.711777
8
3
0.669905
9
3
0.773754
10
3
0.685888
11
3
0.706349
12
3
0.662748
13
3
0.639467
14
3
0.803981
15
3
0.744006
16
3
0.679419
17
3
0.66369
18
3
0.759819
19
3
0.75252
20
3
0.808915
21
3
0.769898
22
3
0.620868
23
3
0.789042
24
3
0.794446
25
3
0.800609
26
3
0.699393
27
3
0.650095
28
3
0.720904
29
3
0.766593
30
3
0.724155
31
3
0.63538
32
3
0.791716
33
3
0.761086
34
3
0.703668
35
3
0.606768
36
3
0.774474
37
3
0.662647
38
3
0.69754
39
3
0.633733
40
3
0.639401
41
3
0.722196
42
3
0.741229
43
3
0.776572
44
3
0.662146
45
3
0.793514
46
3
0.779307
47
3
0.775852
48
3
0.726795
49
3
0.636782
50
3
0.677278
51
3
0.698127
52
3
0.790103
0
4
0.709715
1
4
0.813887
2
4
0.63981
3
4
0.665025
4
4
0.802572
5
4
0.803034
6
4
0.684291
7
4
0.775296
8
4
0.795922
9
4
0.624536
10
4
0.719035
11
4
0.712365
12
4
0.718922
13
4
4.4018
14
4
0.68947
15
4
0.718533
16
4
0.742581
17
4
0.819768
18
4
0.706211
19
4
0.66733
20
4
0.702032
21
4
0.662996
22
4
0.649791
23
4
0.682742
24
4
0.706081
25
4
0.683213
26
4
0.754524
27
4
0.724182
28
4
0.634415
29
4
0.686609
30
4
0.720821
31
4
0.789141
32
4
0.691538
33
4
0.659865
34
4
0.675603
35
4
0.709214
36
4
0.652371
37
4
0.728178
38
4
0.764875
39
4
0.683547
40
4
0.635566
41
4
0.771986
42
4
0.723572
43
4
0.753144
44
4
0.510146
45
4
0.666514
46
4
0.742376
47
4
0.787362
48
4
0.668311
49
4
0.721683
50
4
0.651315
51
4
0.759016
52
4
0.733649
0
5
0.733518
1
5
0.710051
2
5
0.666031
3
5
0.792157
4
5
0.760909
5
5
0.820095
6
5
0.723183
7
5
0.734736
8
5
0.748582
9
5
0.66022
10
5
0.680902
11
5
0.738346
12
5
0.800079
13
5
0.745509
14
5
0.659236
15
5
0.687909
16
5
0.67134
17
5
0.745506
18
5
0.73882
19
5
0.747574
20
5
0.800302
21
5
0.638925
22
5
0.773709
23
5
0.717458
24
5
0.800582
25
5
0.751947
26
5
0.632072
27
5
0.817666
28
5
0.799311
29
5
0.688102
30
5
0.724342
31
5
0.789446
32
5
0.680515
33
5
0.760321
34
5
0.726449
35
5
0.699853
36
5
0.700061
37
5
0.673389
38
5
0.732623
39
5
0.780342
40
5
0.601292
41
5
0.71235
42
5
0.578529
43
5
0.633132
44
5
0.784465
45
5
0.621339
46
5
0.663133
47
5
0.991712
48
5
0.64182
49
5
0.74027
50
5
0.713906
51
5
0.636404
52
5
0.7928
0
6
0.728428
1
6
0.813675
2
6
0.597637
3
6
0.738688
4
6
0.699603
5
6
0.682347
6
6
0.672233
7
6
0.822094
8
6
0.67205
9
6
0.777487
10
6
0.67755
11
6
0.633346
12
6
0.775673
13
6
0.752891
14
6
0.679565
15
6
0.701217
16
6
0.682145
17
6
0.666819
18
6
0.674667
19
6
0.713713
20
6
0.766168
21
6
0.663754
22
6
0.663337
23
6
0.691866
24
6
0.663327
25
6
0.683708
26
6
0.743816
27
6
0.641408
28
6
0.671817
29
6
0.721914
30
6
0.778293
31
6
0.694359
32
6
0.769887
33
6
0.616326
34
6
0.730088
35
6
0.75585
36
6
0.757515
37
6
0.734117
38
6
0.630359
39
6
0.690378
40
6
0.644639
41
6
0.669123
42
6
0.626524
43
6
0.754872
44
6
0.687406
45
6
0.759437
46
6
0.769309
47
6
0.684145
48
6
0.633861
49
6
0.783787
50
6
0.709942
51
6
0.628459
52
6
0.78587
0
7
0.658437
1
7
0.656126
2
7
0.683512
3
7
0.611763
4
7
0.732139
5
7
0.698339
6
7
0.715895
7
7
0.761291
8
7
4.81458
9
7
0.6711
10
7
0.633974
11
7
0.673732
12
7
0.808979
13
7
0.750432
14
7
0.76228
15
7
0.593165
16
7
0.686828
17
7
0.742723
18
7
0.658187
19
7
0.664533
20
7
0.726426
21
7
0.707644
22
7
0.731927
23
7
0.668892
24
7
0.790877
25
7
0.76781
26
7
0.762079
27
7
0.666353
28
7
0.691431
29
7
0.767392
30
7
1.74966
31
7
0.753702
32
7
0.656111
33
7
0.682345
34
7
0.725717
35
7
0.710542
36
7
0.735086
37
7
0.691246
38
7
0.712091
39
7
0.769153
40
7
0.789424
41
7
0.728887
42
7
0.722554
43
7
0.762264
44
7
0.670579
45
7
0.741657
46
7
0.736039
47
7
0.790961
48
7
0.776422
49
7
0.717447
50
7
0.673106
51
7
0.685049
52
7
0.822968
0
8
0.702239
1
8
5.45713
2
8
0.646036
3
8
0.755386
4
8
0.791529
5
8
0.76188
6
8
0.610079
7
8
0.678796
8
8
0.638847
9
8
0.703967
10
8
0.751677
11
8
0.781568
12
8
0.632127
13
8
0.74031
14
8
0.78207
15
8
0.714687
16
8
0.733464
17
8
0.680589
18
8
0.742957
19
8
0.673318
20
8
0.775841
21
8
0.733357
22
8
0.65898
23
8
0.653716
24
8
0.782295
25
8
0.713249
26
8
0.794623
27
8
0.725747
28
8
0.674037
29
8
0.62571
30
8
0.604878
31
8
0.672043
32
8
11.1203
33
8
0.643074
34
8
0.735883
35
8
0.761257
36
8
0.623531
37
8
0.64687
38
8
0.778715
39
8
0.646057
40
8
0.764109
41
8
0.712942
42
8
0.769575
43
8
0.731353
44
8
0.750675
45
8
0.766517
46
8
0.721905
47
8
0.755194
48
8
0.72817
49
8
0.733033
50
8
0.737277
51
8
0.730352
52
8
0.7839
0
9
0.798644
1
9
0.792593
2
9
0.759588
3
9
0.719197
4
9
0.808748
5
9
0.802212
6
9
0.696297
7
9
0.815846
8
9
0.769872
9
9
0.73543
10
9
0.679666
11
9
0.736148
12
9
0.730035
13
9
0.750682
14
9
0.690962
15
9
0.675491
16
9
0.776549
17
9
0.732829
18
9
0.674685
19
9
0.732078
20
9
0.677516
21
9
0.756314
22
9
0.645422
23
9
0.647765
24
9
0.684862
25
9
0.79298
26
9
0.777439
27
9
0.689149
28
9
0.734372
29
9
0.622588
30
9
0.753505
31
9
0.700238
32
9
0.727857
33
9
0.644165
34
9
0.729223
35
9
0.674577
36
9
0.682893
37
9
0.712924
38
9
0.609954
39
9
0.662512
40
9
0.676376
41
9
0.731473
42
9
0.655796
43
9
0.776399
44
9
0.667071
45
9
0.661582
46
9
0.799011
47
9
0.761567
48
9
5.26641
49
9
0.604916
50
9
0.73963
51
9
0.683958
52
9
0.716782
0
10
0.79714
1
10
0.774662
2
10
0.745778
3
10
0.793375
4
10
0.615945
5
10
0.677201
6
10
0.701423
7
10
0.72738
8
10
0.672823
9
10
0.781115
10
10
0.664164
11
10
0.613542
12
10
0.705446
13
10
0.712148
14
10
0.780553
15
10
0.687644
16
10
0.766668
17
10
0.734266
18
10
0.721705
19
10
0.726468
20
10
0.759662
21
10
0.621255
22
10
0.688999
23
10
0.737709
24
10
0.687401
25
10
0.71505
26
10
0.708951
27
10
0.760216
28
10
0.719436
29
10
0.752607
30
10
0.736282
31
10
0.74855
32
10
0.80563
33
10
0.646979
34
10
0.743552
35
10
0.703647
36
10
0.735858
37
10
0.650706
38
10
0.696761
39
10
0.697315
40
10
0.707811
41
10
0.661759
42
10
0.788492
43
10
0.596339
44
10
0.704808
45
10
0.689942
46
10
0.729984
47
10
0.638162
48
10
0.83467
49
10
0.675748
50
10
0.700075
51
10
0.762408
52
10
0.751555
0
11
0.781963
1
11
9.99925
2
11
0.792314
3
11
0.675335
4
11
0.749342
5
11
0.837906
6
11
0.685897
7
11
0.64823
8
11
0.700466
9
11
0.668217
10
11
0.777678
11
11
0.680901
12
11
0.654757
13
11
0.596599
14
11
0.658499
15
11
0.699238
16
11
0.730213
17
11
0.583351
18
11
0.683084
19
11
0.611349
20
11
0.700073
21
11
0.672707
22
11
0.804549
23
11
0.70671
24
11
0.800514
25
11
0.677874
26
11
0.746059
27
11
0.739169
28
11
0.621873
29
11
0.776558
30
11
0.633864
31
11
0.738236
32
11
0.652829
33
11
0.754483
34
11
0.719845
35
11
0.704835
36
11
0.816245
37
11
0.616866
38
11
0.685666
39
11
0.785117
40
11
0.696019
41
11
0.807896
42
11
0.680316
43
11
0.619704
44
11
0.691632
45
11
0.685951
46
11
0.700797
47
11
0.778636
48
11
0.689713
49
11
0.75325
50
11
0.711537
51
11
0.747062
52
11
0.749952
0
12
0.752468
1
12
0.739087
2
12
0.658882
3
12
0.614561
4
12
0.509182
5
12
0.643464
6
12
0.645094
7
12
0.642081
8
12
0.679757
9
12
0.717325
10
12
0.65704
11
12
0.692653
12
12
0.679377
13
12
0.759019
14
12
0.656794
15
12
0.749791
16
12
0.711259
17
12
0.779446
18
12
0.756538
19
12
0.79928
20
12
0.699091
21
12
0.667161
22
12
0.77575
23
12
0.665402
24
12
0.757354
25
12
0.740217
26
12
0.719783
27
12
0.791784
28
12
0.755573
29
12
0.800281
30
12
0.640067
31
12
0.735655
32
12
0.656609
33
12
0.71225
34
12
0.760314
35
12
0.67695
36
12
0.735676
37
12
0.748189
38
12
0.804943
39
12
0.715906
40
12
0.736152
41
12
0.706883
42
12
0.72029
43
12
0.699905
44
12
0.720127
45
12
0.708537
46
12
0.700872
47
12
0.666384
48
12
0.743213
49
12
0.786247
50
12
0.705263
51
12
0.690737
52
12
0.717742
0
13
0.651824
1
13
0.634742
2
13
0.756568
3
13
0.73988
4
13
0.705988
5
13
0.728534
6
13
0.793689
7
13
0.680944
8
13
0.638078
9
13
0.6299
10
13
0.706794
11
13
0.679596
12
13
0.643692
13
13
0.684557
14
13
0.693114
15
13
0.732116
16
13
0.740289
17
13
0.709695
18
13
0.72525
19
13
0.762673
20
13
0.713957
21
13
0.746447
22
13
0.625487
23
13
0.788839
24
13
0.748796
25
13
0.686484
26
13
0.702916
27
13
0.804138
28
13
0.822423
29
13
0.783572
30
13
0.664107
31
13
0.747013
32
13
0.631903
33
13
0.787089
34
13
0.706016
35
13
0.679288
36
13
0.710013
37
13
0.651438
38
13
0.662038
39
13
2.08681
40
13
0.70985
41
13
0.658928
42
13
0.658992
43
13
0.612287
44
13
0.790742
45
13
0.652031
46
13
0.723254
47
13
0.719234
48
13
0.690276
49
13
0.774623
50
13
0.735286
51
13
0.806409
52
13
0.747463
0
14
0.728757
1
14
0.63478
2
14
0.795162
3
14
0.777408
4
14
0.794481
5
14
0.698384
6
14
0.715234
7
14
0.776515
8
14
0.726011
9
14
0.7014
10
14
0.606694
11
14
0.821051
12
14
0.706805
13
14
0.640653
14
14
0.673511
15
14
0.794
16
14
0.657094
17
14
0.733103
18
14
0.751128
19
14
0.665312
20
14
0.645228
21
14
0.706753
22
14
0.742098
23
14
0.764703
24
14
0.669396
25
14
0.719257
26
14
0.787019
27
14
0.635978
28
14
0.740204
29
14
0.686021
30
14
0.645475
31
14
0.775767
32
14
0.726801
33
14
0.635011
34
14
0.680339
35
14
0.779795
36
14
0.636584
37
14
0.65634
38
14
0.74061
39
14
0.776217
40
14
0.730239
41
14
0.797135
42
14
0.767066
43
14
0.62489
44
14
0.711047
45
14
0.681899
46
14
0.696458
47
14
0.743548
48
14
0.666379
49
14
10.0432
50
14
0.663692
51
14
0.648025
52
14
0.775723
0
15
0.752873
1
15
0.735607
2
15
0.711479
3
15
0.753847
4
15
0.748132
5
15
0.746813
6
15
0.72476
7
15
0.722333
8
15
0.689433
9
15
0.740777
10
15
0.684969
11
15
0.643092
12
15
0.698478
13
15
0.800801
14
15
0.618456
15
15
0.668017
16
15
0.673062
17
15
0.709775
18
15
0.77392
19
15
0.706409
20
15
0.718275
21
15
0.73848
22
15
0.739057
23
15
0.688744
24
15
0.774694
25
15
0.651149
26
15
0.691547
27
15
0.739689
28
15
0.784628
29
15
0.712245
30
15
0.642549
31
15
0.772736
32
15
0.759371
33
15
0.684023
34
15
0.796966
35
15
0.674701
36
15
0.717921
37
15
0.779896
38
15
0.69747
39
15
0.765347
40
15
0.788506
41
15
0.620919
42
15
0.649138
43
15
0.768846
44
15
0.716386
45
15
0.762396
46
15
0.740318
47
15
0.695483
48
15
0.745048
49
15
0.66137
50
15
0.669819
51
15
0.806575
52
15
0.78261
