0
-10
0.597916
1
-10
0.683279
2
-10
0.684547
3
-10
0.134519
4
-10
0.660987
5
-10
0.612554
6
-10
0.641946
7
-10
0.703318
8
-10
0.611884
9
-10
0.700536
10
-10
0.480123
11
-10
0.66392
12
-10
0.703549
13
-10
0.632395
14
-10
0.579769
15
-10
0.713558
16
-10
0.627315
17
-10
0.362066
18
-10
0.693516
19
-10
0.548022
20
-10
0.643083
21
-10
0.596695
22
-10
0.648396
23
-10
0.470052
24
-10
0.517174
25
-10
0.685906
26
-10
0.834968
27
-10
0.482854
28
-10
0.400368
29
-10
0.775401
30
-10
0.703954
31
-10
0.704195
32
-10
0.647396
33
-10
0.717986
34
-10
0.462089
35
-10
0.476599
36
-10
0.588337
37
-10
0.656027
38
-10
0.0414787
39
-10
0.640832
40
-10
0.367524
41
-10
0.371393
42
-10
0.609537
43
-10
0.61806
44
-10
0.646863
45
-10
0.393336
46
-10
0.443331
47
-10
0.634229
48
-10
0.63231
49
-10
0.592926
50
-10
0.664904
51
-10
0.483259
52
-10
0.619993
0
-9
0.604895
1
-9
0.722645
2
-9
0.64712
3
-9
0.612964
4
-9
0.61828
5
-9
0.647495
6
-9
0.610544
7
-9
0.693083
8
-9
0.620266
9
-9
0.660879
10
-9
0.744839
11
-9
0.515499
12
-9
0.937906
13
-9
0.680721
14
-9
0.758282
15
-9
0.669882
16
-9
0.610556
17
-9
0.713471
18
-9
0.662777
19
-9
0.549814
20
-9
0.536834
21
-9
0.411881
22
-9
0.415476
23
-9
0.572612
24
-9
0.515856
25
-9
0.634436
26
-9
0.703529
27
-9
0.765206
28
-9
0.740789
29
-9
0.686127
30
-9
0.35072
31
-9
0.564026
32
-9
0.705011
33
-9
0.688873
34
-9
0.480077
35
-9
0.457071
36
-9
0.214468
37
-9
0.331609
38
-9
0.747202
39
-9
0.185007
40
-9
0.718535
41
-9
0.536531
42
-9
0.363822
43
-9
0.612516
44
-9
0.754619
45
-9
0.754767
46
-9
0.682062
47
-9
0.548361
48
-9
0.535284
49
-9
0.488553
50
-9
0.642892
51
-9
0.518332
52
-9
0.609366
0
-8
0.70519
1
-8
0.414756
2
-8
0.591583
3
-8
0.66698
4
-8
0.439509
5
-8
0.195371
6
-8
0.0166658
7
-8
0.599316
8
-8
0.609761
9
-8
0.77461
10
-8
0.645544
11
-8
0.678955
12
-8
0.566024
13
-8
0.642925
14
-8
0.73012
15
-8
0.542909
16
-8
0.683883
17
-8
0.401447
18
-8
0.705973
19
-8
0.669652
20
-8
0.616974
21
-8
0.451211
22
-8
0.647331
23
-8
0.22444
24
-8
0.652954
25
-8
0.478528
26
-8
0.660562
27
-8
0.441317
28
-8
0.0479588
29
-8
0.336551
30
-8
0.560405
31
-8
0.449169
32
-8
0.532688
33
-8
0.604367
34
-8
0.478199
35
-8
0.741792
36
-8
0.545957
37
-8
0.572158
38
-8
0.732065
39
-8
0.567458
40
-8
0.868955
41
-8
0.504777
42
-8
0.533531
43
-8
0.73626
44
-8
0.776778
45
-8
0.730761
46
-8
0.706837
47
-8
0.611846
48
-8
0.594469
49
-8
0.691995
50
-8
0.516959
51
-8
0.614208
52
-8
0.445825
0
-7
0.111772
1
-7
0.606204
2
-7
0.50048
3
-7
0.73093
4
-7
0.539157
5
-7
0.578777
6
-7
0.265612
7
-7
0.617183
8
-7
0.684831
9
-7
0.393232
10
-7
0.382556
11
-7
0.687697
12
-7
0.724215
13
-7
0.616502
14
-7
0.58548
15
-7
0.638084
16
-7
0.587085
17
-7
0.592772
18
-7
0.56156
19
-7
0.605465
20
-7
0.562777
21
-7
0.612723
22
-7
0.506936
23
-7
0.659585
24
-7
0.492072
25
-7
0.552816
26
-7
0.457555
27
-7
0.78363
28
-7
0.514694
29
-7
0.754105
30
-7
0.581592
31
-7
0.740286
32
-7
0.664776
33
-7
0.224568
34
-7
0.622219
35
-7
0.692314
36
-7
0.135875
37
-7
0.717497
38
-7
0.716166
39
-7
0.593963
40
-7
0.414873
41
-7
0.410834
42
-7
0.382864
43
-7
0.581296
44
-7
0.632083
45
-7
0.646372
46
-7
0.238038
47
-7
0.590544
48
-7
0.488094
49
-7
0.795448
50
-7
0.708852
51
-7
0.733426
52
-7
0.753906
0
-6
0.722337
1
-6
0.667272
2
-6
0.558923
3
-6
0.62708
4
-6
0.6626
5
-6
0.644577
6
-6
0.639419
7
-6
0.734295
8
-6
0.640627
9
-6
0.721374
10
-6
0.454597
11
-6
0.365002
12
-6
0.686104
13
-6
0.653781
14
-6
0.626136
15
-6
0.544619
16
-6
0.708802
17
-6
0.435767
18
-6
0.774883
19
-6
0.782176
20
-6
0.71984
21
-6
0.681682
22
-6
0.588734
23
-6
0.751516
24
-6
0.622163
25
-6
0.718405
26
-6
0.411421
27
-6
0.732454
28
-6
0.698882
29
-6
0.778087
30
-6
0.756863
31
-6
0.628427
32
-6
0.587909
33
-6
0.70125
34
-6
0.75627
35
-6
0.628689
36
-6
0.18166
37
-6
0.550839
38
-6
0.737846
39
-6
0.582631
40
-6
0.447431
41
-6
0.715188
42
-6
0.651909
43
-6
0.583879
44
-6
0.606049
45
-6
0.651864
46
-6
0.72302
47
-6
0.537621
48
-6
0.555977
49
-6
0.260287
50
-6
0.644667
51
-6
0.441003
52
-6
0.645343
0
-5
0.509705
1
-5
0.454555
2
-5
0.660379
3
-5
0.496687
4
-5
0.636711
5
-5
0.529206
6
-5
0.720667
7
-5
0.557083
8
-5
0.596908
9
-5
0.680662
10
-5
0.443928
11
-5
0.419808
12
-5
0.606754
13
-5
0.666131
14
-5
0.49446
15
-5
0.652822
16
-5
0.681089
17
-5
0.746111
18
-5
0.551405
19
-5
0.756796
20
-5
0.521016
21
-5
0.636535
22
-5
0.714579
23
-5
0.823681
24
-5
0.773333
25
-5
0.690104
26
-5
0.698086
27
-5
0.640616
28
-5
0.730732
29
-5
0.732066
30
-5
0.474536
31
-5
0.454301
32
-5
0.511313
33
-5
0.413295
34
-5
0.663701
35
-5
0.60125
36
-5
0.765613
37
-5
0.691562
38
-5
0.645866
39
-5
0.460417
40
-5
0.247831
41
-5
0.37081
42
-5
0.583387
43
-5
0.723787
44
-5
0.624094
45
-5
0.46535
46
-5
0.587942
47
-5
0.818019
48
-5
0.714861
49
-5
0.889864
50
-5
0.788952
51
-5
0.69876
52
-5
0.457978
0
-4
0.436668
1
-4
0.686676
2
-4
0.6238
3
-4
0.782238
4
-4
0.658011
5
-4
0.611664
6
-4
0.714521
7
-4
0.785931
8
-4
0.616585
9
-4
0.736206
10
-4
0.643693
11
-4
0.254591
12
-4
0.0776478
13
-4
0.626439
14
-4
0.55265
15
-4
0.13012
16
-4
0.15944
17
-4
0.695091
18
-4
0.559717
19
-4
0.635718
20
-4
0.604585
21
-4
0.497091
22
-4
0.808175
23
-4
0.625684
24
-4
0.25613
25
-4
0.506491
26
-4
0.136294
27
-4
0.747045
28
-4
0.437882
29
-4
0.750231
30
-4
0.732263
31
-4
0.565708
32
-4
0.673545
33
-4
0.642935
34
-4
0.635878
35
-4
0.55502
36
-4
0.0383893
37
-4
0.530695
38
-4
0.708313
39
-4
0.517173
40
-4
0.628597
41
-4
0.918152
42
-4
0.715627
43
-4
0.663553
44
-4
0.300089
45
-4
0.60061
46
-4
0.700598
47
-4
0.664024
48
-4
0.772479
49
-4
0.444506
50
-4
0.167395
51
-4
0.656656
52
-4
0.679498
0
-3
0.617893
1
-3
0.656529
2
-3
0.466784
3
-3
0.654152
4
-3
0.652699
5
-3
0.686718
6
-3
0.729017
7
-3
0.294447
8
-3
0.689584
9
-3
0.508532
10
-3
0.566626
11
-3
0.608036
12
-3
0.690817
13
-3
0.645919
14
-3
0.568317
15
-3
0.383747
16
-3
0.684637
17
-3
0.600888
18
-3
0.351829
19
-3
0.389622
20
-3
0.390418
21
-3
0.751527
22
-3
0.472467
23
-3
0.463157
24
-3
0.657699
25
-3
0.593685
26
-3
0.619893
27
-3
0.478251
28
-3
0.570626
29
-3
0.709419
30
-3
0.80339
31
-3
0.795496
32
-3
0.515005
33
-3
0.680722
34
-3
0.592069
35
-3
0.45696
36
-3
0.720895
37
-3
0.443099
38
-3
0.518323
39
-3
0.607788
40
-3
0.691771
41
-3
0.634776
42
-3
0.515669
43
-3
0.637042
44
-3
0.137872
45
-3
0.39687
46
-3
0.617289
47
-3
0.733298
48
-3
0.443644
49
-3
0.663636
50
-3
0.636245
51
-3
0.698218
52
-3
0.504273
0
-2
0.700683
1
-2
0.119239
2
-2
0.665761
3
-2
0.449606
4
-2
0.753934
5
-2
0.678209
6
-2
0.651841
7
-2
0.677483
8
-2
0.677292
9
-2
0.57202
10
-2
0.651084
11
-2
0.663062
12
-2
0.52737
13
-2
0.63578
14
-2
0.636039
15
-2
0.793052
16
-2
0.547424
17
-2
0.529931
18
-2
0.341584
19
-2
0.103724
20
-2
0.564912
21
-2
0.471803
22
-2
0.462962
23
-2
0.539495
24
-2
0.458458
25
-2
0.673647
26
-2
0.539692
27
-2
0.475456
28
-2
0.607817
29
-2
0.775144
30
-2
0.097481
31
-2
0.822194
32
-2
0.649742
33
-2
0.515712
34
-2
0.447384
35
-2
0.209211
36
-2
0.608904
37
-2
0.629446
38
-2
0.623878
39
-2
0.680693
40
-2
0.701272
41
-2
0.673962
42
-2
0.664877
43
-2
0.703641
44
-2
0.881279
45
-2
0.760517
46
-2
0.58051
47
-2
0.540191
48
-2
0.712446
49
-2
0.647965
50
-2
0.698368
51
-2
0.622791
52
-2
0.703893
0
-1
0.594731
1
-1
0.545577
2
-1
0.741631
3
-1
0.664578
4
-1
0.141599
5
-1
0.579198
6
-1
0.505076
7
-1
0.765506
8
-1
0.475121
9
-1
0.734779
10
-1
0.550217
11
-1
0.61166
12
-1
0.46248
13
-1
0.68634
14
-1
0.636135
15
-1
0.132128
16
-1
0.369666
17
-1
0.529621
18
-1
0.448355
19
-1
0.841108
20
-1
0.565114
21
-1
0.617808
22
-1
0.650827
23
-1
0.697956
24
-1
0.59351
25
-1
0.616247
26
-1
0.553497
27
-1
0.761261
28
-1
0.257374
29
-1
0.530347
30
-1
0.755378
31
-1
0.721337
32
-1
0.753735
33
-1
0.545887
34
-1
0.658442
35
-1
0.602495
36
-1
0.346217
37
-1
0.457258
38
-1
0.677797
39
-1
0.476468
40
-1
0.514683
41
-1
0.663384
42
-1
0.77743
43
-1
0.425436
44
-1
0.671587
45
-1
0.569082
46
-1
0.747177
47
-1
0.648067
48
-1
0.657069
49
-1
0.723008
50
-1
0.709678
51
-1
0.662426
52
-1
0.132458
0
0
0.70365
1
0
0.459161
2
0
0.495393
3
0
0.408142
4
0
0.642223
5
0
0.598128
6
0
0.691373
7
0
0.472008
8
0
0.579883
9
0
0.122353
10
0
0.659531
11
0
0.678289
12
0
0.697405
13
0
0.645234
14
0
0.725535
15
0
0.747234
16
0
0.596233
17
0
0.619853
18
0
0.755117
19
0
0.576212
20
0
0.590837
21
0
0.502102
22
0
0.429431
23
0
0.684422
24
0
0.131977
25
0
0.606426
26
0
0.746652
27
0
0.387029
28
0
0.827981
29
0
0.481096
30
0
0.499474
31
0
0.679861
32
0
0.563521
33
0
0.70768
34
0
0.668469
35
0
0.672122
36
0
0.582349
37
0
0.746148
38
0
0.643433
39
0
0.50698
40
0
0.609666
41
0
0.403334
42
0
0.695526
43
0
0.7053
44
0
0.648837
45
0
0.632761
46
0
0.377641
47
0
0.647459
48
0
0.660979
49
0
0.653824
50
0
0.564807
51
0
0.715828
52
0
0.689737
0
1
0.650348
1
1
0.556271
2
1
0.694032
3
1
0.72711
4
1
0.366503
5
1
0.63052
6
1
0.401877
7
1
0.579176
8
1
0.675647
9
1
0.818096
10
1
0.636433
11
1
0.658069
12
1
0.467571
13
1
0.699301
14
1
0.491844
15
1
0.584261
16
1
0.208323
17
1
0.635243
18
1
0.556588
19
1
0.409157
20
1
0.728002
21
1
0.682746
22
1
0.609582
23
1
0.753679
24
1
0.683459
25
1
0.628176
26
1
0.659471
27
1
0.724747
28
1
0.780352
29
1
0.612492
30
1
0.859807
31
1
0.693336
32
1
0.478457
33
1
0.651362
34
1
0.518331
35
1
0.798992
36
1
0.39565
37
1
0.439193
38
1
0.718366
39
1
0.168328
40
1
0.67826
41
1
0.628153
42
1
0.574042
43
1
0.686565
44
1
0.715784
45
1
0.62238
46
1
0.639113
47
1
0.675538
48
1
0.649983
49
1
0.702306
50
1
0.686743
51
1
0.625162
52
1
0.710831
0
2
0.731415
1
2
0.0827841
2
2
0.657472
3
2
0.477073
4
2
0.64243
5
2
0.616022
6
2
0.524057
7
2
0.775168
8
2
0.802488
9
2
0.663974
10
2
0.634999
11
2
0.650563
12
2
0.652593
13
2
0.579999
14
2
0.554107
15
2
0.60284
16
2
0.601382
17
2
0.575574
18
2
0.65517
19
2
0.199146
20
2
0.454843
21
2
0.677072
22
2
0.442027
23
2
0.590613
24
2
0.469926
25
2
0.489556
26
2
0.369999
27
2
0.129969
28
2
0.765124
29
2
0.706749
30
2
0.670215
31
2
0.176835
32
2
0.535433
33
2
0.571163
34
2
0.732588
35
2
0.528636
36
2
0.676213
37
2
0.602758
38
2
0.574296
39
2
0.634786
40
2
0.835294
41
2
0.694805
42
2
0.630075
43
2
0.609827
44
2
0.743877
45
2
0.74711
46
2
0.659073
47
2
0.574029
48
2
0.537292
49
2
0.594363
50
2
0.75333
51
2
0.778183
52
2
0.55361
0
3
0.932352
1
3
0.492511
2
3
0.565636
3
3
0.688503
4
3
0.56792
5
3
0.656501
6
3
0.154264
7
3
0.668725
8
3
0.321987
9
3
0.646829
10
3
0.797037
11
3
0.635651
12
3
0.659304
13
3
0.606196
14
3
0.695067
15
3
0.611739
16
3
0.644445
17
3
0.654787
18
3
0.735478
19
3
0.657847
20
3
0.586194
21
3
0.582866
22
3
0.134903
23
3
0.619966
24
3
0.414634
25
3
0.667738
26
3
0.738668
27
3
0.447038
28
3
0.652649
29
3
0.618371
30
3
0.620225
31
3
0.625244
32
3
0.719898
33
3
0.0480084
34
3
0.801582
35
3
0.563231
36
3
0.646109
37
3
0.61137
38
3
0.413718
39
3
0.644847
40
3
0.581497
41
3
0.697396
42
3
0.636694
43
3
0.525453
44
3
0.616773
45
3
0.651191
46
3
0.676075
47
3
0.414552
48
3
0.723461
49
3
0.765793
50
3
0.524068
51
3
0.452626
52
3
0.637093
0
4
-0.0237301
1
4
0.665192
2
4
0.787168
3
4
0.70369
4
4
0.641253
5
4
0.671616
6
4
0.610825
7
4
0.703441
8
4
0.639082
9
4
0.462594
10
4
0.647806
11
4
0.775152
12
4
0.725489
13
4
0.431452
14
4
0.647268
15
4
0.667886
16
4
0.621179
17
4
0.725654
18
4
0.463862
19
4
0.431079
20
4
0.646758
21
4
0.685413
22
4
0.100637
23
4
0.771206
24
4
0.667436
25
4
0.749133
26
4
0.675631
27
4
0.605064
28
4
0.379104
29
4
0.670584
30
4
0.695338
31
4
0.695316
32
4
0.629302
33
4
0.663759
34
4
0.518647
35
4
0.9481
36
4
0.372483
37
4
0.811492
38
4
0.627493
39
4
0.468167
40
4
0.487685
41
4
0.505264
42
4
0.716406
43
4
0.644497
44
4
0.691046
45
4
0.378106
46
4
0.641362
47
4
0.0538733
48
4
0.753841
49
4
0.447929
50
4
0.636504
51
4
0.278294
52
4
0.704218
0
5
0.529126
1
5
0.57874
2
5
0.659963
3
5
0.695526
4
5
0.297067
5
5
0.752678
6
5
0.546943
7
5
0.786187
8
5
0.4716
9
5
0.485258
10
5
0.62043
11
5
0.43266
12
5
0.669681
13
5
0.760921
14
5
0.520799
15
5
0.670579
16
5
0.670572
17
5
0.631118
18
5
0.569875
19
5
0.683386
20
5
0.739749
21
5
0.93568
22
5
0.674585
23
5
0.464373
24
5
0.69543
25
5
0.351942
26
5
0.391525
27
5
0.484714
28
5
0.674457
29
5
0.729407
30
5
0.683709
31
5
0.438893
32
5
0.660771
33
5
0.666027
34
5
0.802574
35
5
0.540822
36
5
0.1626
37
5
0.661019
38
5
0.780354
39
5
0.558161
40
5
0.593635
41
5
0.717221
42
5
0.429358
43
5
0.468801
44
5
0.553419
45
5
0.680406
46
5
0.509592
47
5
0.662903
48
5
0.530458
49
5
0.55239
50
5
0.152541
51
5
0.700542
52
5
0.538987
0
6
0.5625
1
6
0.957034
2
6
0.641604
3
6
0.679583
4
6
0.69748
5
6
0.55268
6
6
0.678042
7
6
0.750947
8
6
0.763322
9
6
0.599503
10
6
0.42352
11
6
0.691045
12
6
0.759943
13
6
0.649582
14
6
0.76305
15
6
0.660202
16
6
0.622441
17
6
0.744114
18
6
0.576238
19
6
0.476901
20
6
0.280595
21
6
0.698318
22
6
0.475001
23
6
0.717535
24
6
0.653507
25
6
0.538147
26
6
0.615803
27
6
0.766694
28
6
0.557685
29
6
0.675549
30
6
0.690105
31
6
0.735152
32
6
0.784411
33
6
0.475498
34
6
0.720483
35
6
0.942417
36
6
0.660093
37
6
0.698298
38
6
0.624342
39
6
0.392097
40
6
0.537858
41
6
0.579304
42
6
0.600754
43
6
0.656102
44
6
0.713245
45
6
0.682871
46
6
0.660476
47
6
0.78146
48
6
0.793754
49
6
0.660837
50
6
0.440557
51
6
0.728691
52
6
0.54182
0
7
0.407499
1
7
0.394539
2
7
0.367274
3
7
0.73636
4
7
0.143892
5
7
0.727172
6
7
0.600784
7
7
0.592093
8
7
0.669102
9
7
0.659197
10
7
0.499216
11
7
0.781248
12
7
0.776735
13
7
0.642792
14
7
0.631579
15
7
0.718559
16
7
0.766163
17
7
0.745489
18
7
0.644515
19
7
0.654962
20
7
0.695604
21
7
0.676277
22
7
0.3381
23
7
0.633165
24
7
0.611743
25
7
0.729482
26
7
0.615879
27
7
0.477266
28
7
0.308932
29
7
0.725376
30
7
0.595777
31
7
0.51147
32
7
0.659832
33
7
0.691671
34
7
0.386584
35
7
0.419708
36
7
0.797404
37
7
0.67028
38
7
0.369704
39
7
0.584301
40
7
0.169215
41
7
0.656798
42
7
0.630574
43
7
0.565226
44
7
0.689826
45
7
0.433554
46
7
0.680978
47
7
0.789057
48
7
0.324766
49
7
0.645825
50
7
0.158131
51
7
0.949521
52
7
0.499541
0
8
0.533372
1
8
0.178003
2
8
0.593664
3
8
0.835864
4
8
0.876417
5
8
0.699645
6
8
0.592518
7
8
0.614292
8
8
0.707038
9
8
0.715902
10
8
0.24868
11
8
0.685643
12
8
0.624514
13
8
0.802828
14
8
0.498336
15
8
0.616755
16
8
0.64973
17
8
0.651895
18
8
0.557115
19
8
0.625749
20
8
0.692511
21
8
0.713205
22
8
0.751002
23
8
0.356666
24
8
0.424817
25
8
0.604689
26
8
0.61402
27
8
0.666402
28
8
0.996921
29
8
0.691815
30
8
0.593919
31
8
0.34331
32
8
0.624378
33
8
0.624421
34
8
0.548319
35
8
0.714571
36
8
0.610812
37
8
0.602481
38
8
0.616089
39
8
0.713026
40
8
0.650045
41
8
0.7233
42
8
0.57796
43
8
0.598611
44
8
0.589894
45
8
0.781271
46
8
0.495648
47
8
0.580815
48
8
0.317727
49
8
0.674019
50
8
0.659182
51
8
0.710059
52
8
0.64404
0
9
0.657861
1
9
0.636554
2
9
0.656079
3
9
0.383033
4
9
0.737392
5
9
0.200912
6
9
0.704604
7
9
0.57705
8
9
0.393523
9
9
0.755974
10
9
0.654418
11
9
0.650428
12
9
0.69919
13
9
0.569216
14
9
0.601457
15
9
0.658815
16
9
0.530094
17
9
0.631562
18
9
0.63772
19
9
0.655258
20
9
0.509958
21
9
0.450119
22
9
0.836509
23
9
0.882853
24
9
0.69552
25
9
0.776682
26
9
0.756082
27
9
0.523041
28
9
0.427629
29
9
0.655405
30
9
0.606188
31
9
0.819302
32
9
0.712993
33
9
0.567322
34
9
0.614653
35
9
0.58778
36
9
0.658378
37
9
0.72123
38
9
0.537898
39
9
0.644519
40
9
0.760871
41
9
0.307088
42
9
0.694473
43
9
0.627865
44
9
0.123329
45
9
0.713694
46
9
0.584365
47
9
0.567833
48
9
0.420266
49
9
0.548215
50
9
0.515922
51
9
0.163741
52
9
0.547329
0
10
0.551899
1
10
0.546051
2
10
0.465558
3
10
0.699969
4
10
0.631278
5
10
0.990048
6
10
0.728657
7
10
0.707316
8
10
0.611366
9
10
0.552459
10
10
0.643446
11
10
0.794595
12
10
0.684209
13
10
0.598023
14
10
0.769718
15
10
0.641035
16
10
0.522409
17
10
0.767423
18
10
0.691061
19
10
0.702499
20
10
0.543645
21
10
0.714583
22
10
0.530408
23
10
0.613231
24
10
0.525496
25
10
0.421453
26
10
0.937919
27
10
0.694378
28
10
0.697327
29
10
0.668477
30
10
0.512203
31
10
0.452501
32
10
0.604049
33
10
0.904552
34
10
0.627279
35
10
0.672709
36
10
0.709208
37
10
0.622136
38
10
0.8035
39
10
0.336672
40
10
0.757238
41
10
0.555997
42
10
0.681428
43
10
0.614217
44
10
0.716872
45
10
0.587191
46
10
0.695258
47
10
0.837843
48
10
0.72541
49
10
0.76434
50
10
0.658894
51
10
0.316643
52
10
0.64957
0
11
0.671385
1
11
0.640336
2
11
0.79714
3
11
0.769538
4
11
0.723163
5
11
0.449579
6
11
0.748636
7
11
0.605293
8
11
0.69417
9
11
0.765067
10
11
0.640603
11
11
0.721414
12
11
0.734686
13
11
0.623676
14
11
0.417593
15
11
0.675894
16
11
0.135858
17
11
0.615112
18
11
0.497896
19
11
0.717905
20
11
0.595003
21
11
0.703833
22
11
0.777641
23
11
0.650484
24
11
0.634325
25
11
0.754815
26
11
0.647188
27
11
0.688797
28
11
0.617231
29
11
0.718478
30
11
0.709332
31
11
0.480665
32
11
0.723294
33
11
0.394466
34
11
0.551423
35
11
0.681988
36
11
0.78736
37
11
0.671733
38
11
0.733596
39
11
0.576251
40
11
0.47971
41
11
0.705048
42
11
0.578339
43
11
0.836473
44
11
0.75646
45
11
0.550689
46
11
0.726874
47
11
0.198845
48
11
0.57167
49
11
0.53339
50
11
0.777734
51
11
0.508187
52
11
0.696874
0
12
0.336063
1
12
0.418364
2
12
0.787954
3
12
0.694603
4
12
0.531429
5
12
0.741745
6
12
0.722776
7
12
0.781888
8
12
0.717864
9
12
0.573701
10
12
0.0921133
11
12
0.509757
12
12
0.519602
13
12
0.680454
14
12
0.493889
15
12
0.626393
16
12
0.329167
17
12
0.604867
18
12
0.626624
19
12
0.58199
20
12
0.699503
21
12
0.673339
22
12
0.696399
23
12
0.613253
24
12
0.624306
25
12
0.784214
26
12
0.730728
27
12
0.598429
28
12
0.495002
29
12
0.589156
30
12
0.293582
31
12
0.705089
32
12
0.428714
33
12
0.250022
34
12
0.761461
35
12
0.780816
36
12
0.776965
37
12
0.642954
38
12
0.679939
39
12
0.752157
40
12
0.659245
41
12
0.688539
42
12
0.360752
43
12
0.735558
44
12
0.524389
45
12
0.659213
46
12
0.456945
47
12
0.661905
48
12
0.68977
49
12
0.544936
50
12
0.762543
51
12
0.641408
52
12
0.719161
0
13
0.652274
1
13
0.737773
2
13
0.762703
3
13
0.643679
4
13
0.725754
5
13
0.768186
6
13
0.517911
7
13
0.750515
8
13
0.628349
9
13
0.331294
10
13
0.690097
11
13
0.649062
12
13
0.530232
13
13
0.524913
14
13
0.578397
15
13
0.826401
16
13
0.679041
17
13
0.355105
18
13
0.582381
19
13
0.598879
20
13
0.998308
21
13
0.526427
22
13
0.639603
23
13
0.329239
24
13
0.602158
25
13
0.170097
26
13
0.676356
27
13
0.562989
28
13
0.688056
29
13
0.810399
30
13
0.597394
31
13
0.712445
32
13
0.575101
33
13
0.646334
34
13
0.657699
35
13
0.741714
36
13
0.740306
37
13
0.772411
38
13
0.437856
39
13
0.338508
40
13
0.54893
41
13
0.625606
42
13
0.8439
43
13
0.820997
44
13
0.545543
45
13
0.384807
46
13
0.566372
47
13
0.674421
48
13
0.623323
49
13
0.650947
50
13
0.663547
51
13
0.0878174
52
13
0.614654
0
14
0.620411
1
14
0.445511
2
14
0.779831
3
14
0.681168
4
14
0.480308
5
14
0.607995
6
14
0.702562
7
14
0.645768
8
14
0.648612
9
14
0.512623
10
14
0.601609
11
14
0.393339
12
14
0.669439
13
14
0.358323
14
14
0.723126
15
14
0.364014
16
14
0.717643
17
14
0.695908
18
14
0.546406
19
14
0.629781
20
14
0.660473
21
14
0.531082
22
14
0.11349
23
14
0.761475
24
14
0.714663
25
14
0.411011
26
14
0.638122
27
14
0.573361
28
14
0.541475
29
14
0.348093
30
14
0.637053
31
14
0.603728
32
14
0.592713
33
14
0.733066
34
14
0.582995
35
14
0.575399
36
14
0.674466
37
14
0.555599
38
14
0.438295
39
14
0.72181
40
14
0.606985
41
14
0.345346
42
14
0.634375
43
14
0.385214
44
14
0.724104
45
14
0.466116
46
14
0.668478
47
14
0.650926
48
14
0.451737
49
14
0.573311
50
14
0.668043
51
14
0.787888
52
14
0.75211
0
15
0.584235
1
15
0.601005
2
15
0.456414
3
15
0.724251
4
15
0.542494
5
15
0.67933
6
15
0.66006
7
15
0.401232
8
15
0.588184
9
15
0.39667
10
15
0.553854
11
15
0.786949
12
15
0.609779
13
15
0.601757
14
15
0.709438
15
15
0.860312
16
15
0.506666
17
15
0.741808
18
15
0.72146
19
15
0.54978
20
15
0.525558
21
15
0.303648
22
15
0.426348
23
15
0.643915
24
15
0.516421
25
15
0.818877
26
15
0.766463
27
15
0.633521
28
15
0.640125
29
15
0.488823
30
15
0.58186
31
15
0.739748
32
15
0.67136
33
15
0.513579
34
15
0.541855
35
15
0.305006
36
15
0.581108
37
15
0.812776
38
15
0.767539
39
15
0.675053
40
15
0.816728
41
15
0.619661
42
15
0.746329
43
15
0.0530028
44
15
0.711973
45
15
0.57251
46
15
0.705836
47
15
0.772423
48
15
0.718467
49
15
0.693635
50
15
0.745897
51
15
0.669035
52
15
0.644531
