0
-10
0.698939
1
-10
0.734929
2
-10
0.760351
3
-10
0.697048
4
-10
0.758367
5
-10
0.756703
6
-10
0.742546
7
-10
0.689467
8
-10
0.681185
9
-10
0.687643
10
-10
0.717795
11
-10
0.707147
12
-10
0.737701
13
-10
0.745696
14
-10
0.651605
15
-10
0.725354
16
-10
0.777771
17
-10
0.78066
18
-10
0.80117
19
-10
0.786213
20
-10
0.690289
21
-10
0.769714
22
-10
0.752731
23
-10
0.742623
24
-10
0.68803
25
-10
0.676173
26
-10
0.792226
27
-10
0.659308
28
-10
0.771375
29
-10
0.745024
30
-10
0.708536
31
-10
0.64199
32
-10
0.736398
33
-10
0.764612
34
-10
0.727728
35
-10
0.712304
36
-10
0.702693
37
-10
0.744858
38
-10
0.653684
39
-10
0.799837
40
-10
0.734408
41
-10
0.805683
42
-10
0.658785
43
-10
0.682323
44
-10
0.823179
45
-10
0.68284
46
-10
0.673171
47
-10
0.630946
48
-10
0.795531
49
-10
0.777261
50
-10
0.750561
51
-10
0.772485
52
-10
0.790533
0
-9
0.717726
1
-9
0.763902
2
-9
0.700202
3
-9
2.00473
4
-9
0.625087
5
-9
0.667707
6
-9
0.632808
7
-9
0.744749
8
-9
0.78494
9
-9
0.774945
10
-9
0.683516
11
-9
0.830201
12
-9
0.777274
13
-9
0.734669
14
-9
0.73761
15
-9
0.810679
16
-9
0.647641
17
-9
0.70708
18
-9
0.66145
19
-9
0.642742
20
-9
0.823215
21
-9
0.784168
22
-9
0.640847
23
-9
0.687542
24
-9
0.663106
25
-9
0.826163
26
-9
0.742098
27
-9
0.701232
28
-9
0.699973
29
-9
0.776665
30
-9
0.797387
31
-9
0.635619
32
-9
0.774897
33
-9
0.807567
34
-9
0.711097
35
-9
0.610359
36
-9
0.673775
37
-9
0.762259
38
-9
0.748002
39
-9
0.689161
40
-9
0.652744
41
-9
0.782528
42
-9
0.770529
43
-9
0.776135
44
-9
0.738348
45
-9
0.686104
46
-9
0.785069
47
-9
0.706582
48
-9
0.640253
49
-9
0.750818
50
-9
0.639581
51
-9
0.619216
52
-9
0.655722
0
-8
0.813378
1
-8
0.727683
2
-8
0.717042
3
-8
0.698057
4
-8
0.756094
5
-8
0.704519
6
-8
0.689516
7
-8
0.777929
8
-8
0.628145
9
-8
0.78166
10
-8
0.803945
11
-8
0.73268
12
-8
0.785804
13
-8
0.774461
14
-8
0.708575
15
-8
0.850383
16
-8
0.658366
17
-8
0.757503
18
-8
0.757546
19
-8
1.84523
20
-8
0.700141
21
-8
0.732423
22
-8
0.6739
23
-8
0.713442
24
-8
0.674598
25
-8
0.679942
26
-8
0.772573
27
-8
0.716653
28
-8
0.76703
29
-8
0.66331
30
-8
0.773789
31
-8
0.71148
32
-8
0.766176
33
-8
0.703083
34
-8
0.65287
35
-8
0.663356
36
-8
0.624725
37
-8
0.71652
38
-8
0.632692
39
-8
0.688392
40
-8
0.658577
41
-8
0.719679
42
-8
0.61878
43
-8
0.762733
44
-8
0.678635
45
-8
0.650624
46
-8
0.719052
47
-8
0.805097
48
-8
0.739922
49
-8
0.649048
50
-8
0.685063
51
-8
0.751256
52
-8
0.741803
0
-7
0.654452
1
-7
0.652915
2
-7
0.625186
3
-7
0.699606
4
-7
0.638747
5
-7
0.78051
6
-7
0.790978
7
-7
0.692363
8
-7
0.708697
9
-7
0.654267
10
-7
0.728956
11
-7
0.689767
12
-7
0.750343
13
-7
0.791336
14
-7
0.771605
15
-7
0.728664
16
-7
0.763655
17
-7
0.650051
18
-7
0.721727
19
-7
0.731941
20
-7
0.738776
21
-7
0.626951
22
-7
0.737403
23
-7
0.706243
24
-7
0.730504
25
-7
0.752963
26
-7
0.653695
27
-7
0.808327
28
-7
0.781952
29
-7
0.769634
30
-7
0.732296
31
-7
0.706773
32
-7
0.610092
33
-7
0.762857
34
-7
0.727415
35
-7
0.793734
36
-7
0.6257
37
-7
0.806534
38
-7
0.659431
39
-7
0.657566
40
-7
0.681495
41
-7
0.65662
42
-7
0.695141
43
-7
0.699249
44
-7
0.834
45
-7
0.683426
46
-7
0.780917
47
-7
0.730038
48
-7
0.758353
49
-7
0.758196
50
-7
0.763747
51
-7
0.663606
52
-7
0.634438
0
-6
0.613237
1
-6
0.724536
2
-6
0.824339
3
-6
0.675651
4
-6
0.680367
5
-6
0.732664
6
-6
0.666647
7
-6
0.776123
8
-6
0.74203
9
-6
0.718646
10
-6
0.635753
11
-6
0.820529
12
-6
0.746745
13
-6
0.839228
14
-6
0.701047
15
-6
0.602845
16
-6
0.628794
17
-6
0.765371
18
-6
0.67899
19
-6
0.689728
20
-6
0.670226
21
-6
0.701437
22
-6
0.676843
23
-6
0.730645
24
-6
0.767146
25
-6
0.645347
26
-6
0.668604
27
-6
0.661236
28
-6
0.663784
29
-6
0.747102
30
-6
0.756054
31
-6
0.737074
32
-6
0.797508
33
-6
0.65629
34
-6
0.709366
35
-6
0.620815
36
-6
3.46104
37
-6
0.649408
38
-6
0.771634
39
-6
0.636106
40
-6
0.724751
41
-6
0.773596
42
-6
0.74799
43
-6
0.655683
44
-6
0.7271
45
-6
0.705478
46
-6
0.742312
47
-6
0.83741
48
-6
0.819559
49
-6
0.759887
50
-6
0.807392
51
-6
0.75178
52
-6
1.44043
0
-5
0.669719
1
-5
0.778123
2
-5
0.76019
3
-5
0.636996
4
-5
0.70271
5
-5
0.675717
6
-5
0.720931
7
-5
0.713062
8
-5
0.69267
9
-5
0.716488
10
-5
0.759882
11
-5
0.821444
12
-5
0.750832
13
-5
0.741731
14
-5
0.808485
15
-5
0.703656
16
-5
0.720484
17
-5
0.676246
18
-5
0.773665
19
-5
0.696037
20
-5
0.638637
21
-5
0.725956
22
-5
0.663082
23
-5
0.806514
24
-5
0.697445
25
-5
0.776112
26
-5
0.714221
27
-5
0.815196
28
-5
0.705213
29
-5
0.7213
30
-5
0.773315
31
-5
0.758051
32
-5
0.792856
33
-5
0.680682
34
-5
0.676381
35
-5
0.725014
36
-5
0.799154
37
-5
0.809075
38
-5
0.710362
39
-5
0.700487
40
-5
0.715883
41
-5
0.689004
42
-5
0.696544
43
-5
0.775693
44
-5
0.677875
45
-5
0.835806
46
-5
0.737538
47
-5
0.716317
48
-5
0.725399
49
-5
0.777664
50
-5
0.695298
51
-5
0.703724
52
-5
0.769817
0
-4
0.772529
1
-4
0.699041
2
-4
0.651121
3
-4
0.74291
4
-4
0.715403
5
-4
0.739283
6
-4
0.833706
7
-4
0.639483
8
-4
0.650081
9
-4
0.683764
10
-4
0.715965
11
-4
0.733845
12
-4
0.750756
13
-4
0.779071
14
-4
0.665226
15
-4
0.718099
16
-4
0.649408
17
-4
0.692585
18
-4
0.776818
19
-4
0.794408
20
-4
0.791093
21
-4
0.720338
22
-4
0.74457
23
-4
0.835583
24
-4
0.79691
25
-4
0.796619
26
-4
0.735233
27
-4
0.838489
28
-4
10.1669
29
-4
0.70864
30
-4
0.805762
31
-4
0.639135
32
-4
0.691588
33
-4
0.820886
34
-4
0.656255
35
-4
0.72778
36
-4
0.70126
37
-4
0.740332
38
-4
0.744075
39
-4
0.749313
40
-4
0.640602
41
-4
0.775022
42
-4
0.835076
43
-4
0.685588
44
-4
0.726868
45
-4
0.733047
46
-4
0.78852
47
-4
0.803488
48
-4
0.738569
49
-4
0.634099
50
-4
0.743308
51
-4
0.679018
52
-4
0.770396
0
-3
0.80485
1
-3
0.764651
2
-3
0.669662
3
-3
0.759973
4
-3
0.664999
5
-3
0.813324
6
-3
0.840265
7
-3
0.740372
8
-3
0.688406
9
-3
0.708252
10
-3
0.741151
11
-3
0.737861
12
-3
0.753849
13
-3
0.719321
14
-3
0.666443
15
-3
0.749175
16
-3
0.733459
17
-3
0.631395
18
-3
0.824322
19
-3
0.722808
20
-3
0.625881
21
-3
0.738114
22
-3
0.660788
23
-3
0.706562
24
-3
0.787148
25
-3
0.685417
26
-3
0.702857
27
-3
0.752318
28
-3
0.61265
29
-3
0.630544
30
-3
0.751145
31
-3
0.735444
32
-3
0.681028
33
-3
0.754909
34
-3
0.849463
35
-3
0.706508
36
-3
0.760232
37
-3
0.661234
38
-3
0.729281
39
-3
0.774851
40
-3
0.623372
41
-3
0.649587
42
-3
0.732331
43
-3
0.833287
44
-3
0.72219
45
-3
0.671205
46
-3
0.693949
47
-3
0.73958
48
-3
0.660237
49
-3
0.742767
50
-3
0.706575
51
-3
0.785942
52
-3
0.708815
0
-2
0.666284
1
-2
0.599562
2
-2
0.696242
3
-2
0.678344
4
-2
0.613582
5
-2
0.790634
6
-2
0.703232
7
-2
0.680681
8
-2
0.666744
9
-2
0.64728
10
-2
0.679549
11
-2
0.75903
12
-2
0.689992
13
-2
0.70042
14
-2
0.833548
15
-2
0.808192
16
-2
0.674516
17
-2
0.803066
18
-2
0.753
19
-2
0.76069
20
-2
0.783109
21
-2
0.749954
22
-2
0.745785
23
-2
0.611708
24
-2
0.640044
25
-2
0.690914
26
-2
0.626191
27
-2
0.683044
28
-2
0.761383
29
-2
0.73116
30
-2
0.731972
31
-2
0.619197
32
-2
0.834535
33
-2
0.66256
34
-2
0.741522
35
-2
0.643812
36
-2
0.685235
37
-2
0.83444
38
-2
0.75284
39
-2
0.722659
40
-2
0.662962
41
-2
0.635457
42
-2
0.724554
43
-2
0.608831
44
-2
0.733215
45
-2
0.800527
46
-2
0.808057
47
-2
0.815124
48
-2
0.744805
49
-2
0.816316
50
-2
0.69849
51
-2
0.75401
52
-2
0.740887
0
-1
0.803344
1
-1
0.785316
2
-1
0.770815
3
-1
0.76947
4
-1
0.693725
5
-1
0.743549
6
-1
0.680557
7
-1
0.689341
8
-1
0.670391
9
-1
0.690048
10
-1
0.735267
11
-1
0.74105
12
-1
0.791515
13
-1
0.838672
14
-1
0.680198
15
-1
0.725188
16
-1
0.788474
17
-1
0.797018
18
-1
0.734033
19
-1
0.739827
20
-1
0.619248
21
-1
0.638954
22
-1
0.749663
23
-1
0.798318
24
-1
0.769651
25
-1
0.743604
26
-1
0.681371
27
-1
0.707816
28
-1
0.814626
29
-1
0.698386
30
-1
0.831885
31
-1
0.67495
32
-1
0.702319
33
-1
0.7058
34
-1
0.643205
35
-1
0.681063
36
-1
0.788383
37
-1
0.781548
38
-1
0.66164
39
-1
0.774019
40
-1
0.738948
41
-1
0.679628
42
-1
0.778459
43
-1
0.773502
44
-1
0.764611
45
-1
0.684447
46
-1
0.745144
47
-1
0.704906
48
-1
0.762326
49
-1
0.69507
50
-1
0.782237
51
-1
0.688266
52
-1
0.737711
0
0
0.779806
1
0
0.676058
2
0
2.28292
3
0
0.77771
4
0
0.714706
5
0
0.696656
6
0
0.691375
7
0
0.6573
8
0
0.730052
9
0
0.670823
10
0
0.729109
11
0
0.721349
12
0
0.673101
13
0
0.670526
14
0
0.693526
15
0
0.819823
16
0
0.577528
17
0
0.805201
18
0
0.74154
19
0
0.723765
20
0
0.813354
21
0
0.724435
22
0
0.825974
23
0
0.77628
24
0
0.783759
25
0
0.654247
26
0
0.78777
27
0
0.688515
28
0
0.712554
29
0
0.679724
30
0
0.66878
31
0
0.673098
32
0
0.755518
33
0
0.755652
34
0
0.836178
35
0
0.737989
36
0
0.749654
37
0
0.707741
38
0
0.779809
39
0
0.628629
40
0
0.646501
41
0
0.725636
42
0
0.678532
43
0
0.754132
44
0
0.626751
45
0
0.821424
46
0
0.672133
47
0
0.623684
48
0
0.746102
49
0
0.751433
50
0
0.751508
51
0
0.691599
52
0
0.717077
0
1
0.737445
1
1
0.830725
2
1
0.802074
3
1
0.831186
4
1
0.678703
5
1
0.714955
6
1
0.711192
7
1
0.829468
8
1
0.645287
9
1
0.683037
10
1
0.621102
11
1
0.659504
12
1
0.782351
13
1
0.604303
14
1
0.731594
15
1
0.806617
16
1
0.711261
17
1
0.695712
18
1
0.73648
19
1
0.653413
20
1
0.817761
21
1
0.844848
22
1
0.705626
23
1
0.711923
24
1
0.622854
25
1
0.831064
26
1
0.74776
27
1
0.672184
28
1
0.658709
29
1
0.799032
30
1
0.72909
31
1
0.775874
32
1
0.791665
33
1
0.740639
34
1
0.820984
35
1
0.617256
36
1
0.786535
37
1
0.665877
38
1
0.686302
39
1
0.719857
40
1
0.684281
41
1
0.75564
42
1
0.793285
43
1
0.706389
44
1
0.818863
45
1
0.687731
46
1
0.67449
47
1
0.784251
48
1
0.730152
49
1
0.69645
50
1
0.727576
51
1
0.760367
52
1
0.761928
0
2
0.670557
1
2
0.69358
2
2
0.714708
3
2
0.77889
4
2
0.690486
5
2
0.735065
6
2
0.650384
7
2
0.707541
8
2
0.713411
9
2
0.779072
10
2
0.713141
11
2
0.668926
12
2
0.739138
13
2
0.698431
14
2
0.622619
15
2
0.763264
16
2
0.767689
17
2
0.784263
18
2
3.09668
19
2
0.679128
20
2
0.773913
21
2
0.689573
22
2
0.831772
23
2
0.667374
24
2
0.690918
25
2
0.730246
26
2
0.70266
27
2
0.745795
28
2
0.618496
29
2
0.625813
30
2
0.740093
31
2
0.689638
32
2
0.662942
33
2
0.644826
34
2
0.670583
35
2
0.662731
36
2
0.806983
37
2
0.758246
38
2
0.731369
39
2
0.655413
40
2
0.687996
41
2
0.714548
42
2
0.787069
43
2
0.7896
44
2
0.68294
45
2
0.667335
46
2
0.736246
47
2
0.697723
48
2
0.824424
49
2
0.751571
50
2
0.807655
51
2
0.776064
52
2
0.826495
0
3
0.7517
1
3
0.640874
2
3
0.65989
3
3
0.799744
4
3
0.732017
5
3
0.745999
6
3
0.744038
7
3
0.699921
8
3
0.729502
9
3
0.678505
10
3
0.662737
11
3
0.749717
12
3
0.707372
13
3
0.701751
14
3
0.791379
15
3
0.69844
16
3
0.830827
17
3
0.694748
18
3
0.620012
19
3
0.618664
20
3
0.749122
21
3
0.762988
22
3
0.790728
23
3
0.705191
24
3
0.644985
25
3
0.599749
26
3
0.781033
27
3
0.673004
28
3
0.783116
29
3
0.790128
30
3
0.745978
31
3
0.73736
32
3
0.677562
33
3
0.596244
34
3
0.797601
35
3
0.736471
36
3
0.782607
37
3
0.815941
38
3
0.662575
39
3
0.617101
40
3
0.604461
41
3
0.816914
42
3
0.636695
43
3
0.728016
44
3
0.77694
45
3
0.685169
46
3
0.706493
47
3
0.808132
48
3
0.734009
49
3
0.6871
50
3
0.613107
51
3
0.788791
52
3
0.774082
0
4
0.743076
1
4
0.724143
2
4
0.692156
3
4
0.772686
4
4
0.796171
5
4
0.781239
6
4
0.760126
7
4
0.792309
8
4
0.820314
9
4
0.690936
10
4
0.837401
11
4
0.809668
12
4
0.74099
13
4
0.702852
14
4
0.795868
15
4
0.74176
16
4
0.744409
17
4
0.779339
18
4
0.71191
19
4
0.71286
20
4
0.746623
21
4
0.648318
22
4
0.682457
23
4
0.609377
24
4
0.787302
25
4
0.712192
26
4
0.782436
27
4
0.676842
28
4
0.748202
29
4
0.745963
30
4
0.696307
31
4
0.593179
32
4
0.73635
33
4
0.604543
34
4
0.776943
35
4
0.7684
36
4
0.745418
37
4
0.814289
38
4
0.671303
39
4
0.773659
40
4
0.825535
41
4
0.739873
42
4
0.738205
43
4
0.675849
44
4
0.663946
45
4
0.631094
46
4
0.826058
47
4
0.624449
48
4
0.79123
49
4
0.598472
50
4
0.67078
51
4
0.80602
52
4
0.696654
0
5
0.826305
1
5
0.687002
2
5
0.726363
3
5
0.773545
4
5
0.668551
5
5
0.717336
6
5
0.636609
7
5
0.813728
8
5
0.786752
9
5
0.643618
10
5
0.783379
11
5
0.66503
12
5
0.743859
13
5
0.766077
14
5
0.742797
15
5
0.688374
16
5
0.794335
17
5
0.721081
18
5
0.673192
19
5
0.714736
20
5
0.794343
21
5
0.73918
22
5
0.749714
23
5
0.749989
24
5
0.734188
25
5
0.751218
26
5
0.662214
27
5
0.654646
28
5
0.820721
29
5
0.725914
30
5
0.638231
31
5
0.761783
32
5
0.753826
33
5
0.748646
34
5
0.646639
35
5
0.836766
36
5
0.790492
37
5
0.69953
38
5
0.73473
39
5
0.7396
40
5
0.729539
41
5
0.728209
42
5
0.624397
43
5
0.687243
44
5
0.723638
45
5
0.738017
46
5
0.584106
47
5
0.770153
48
5
0.675792
49
5
0.783254
50
5
0.689726
51
5
0.666694
52
5
0.638461
0
6
0.802677
1
6
0.654538
2
6
0.797854
3
6
0.56631
4
6
1.5018
5
6
0.757698
6
6
0.732589
7
6
0.706043
8
6
0.670925
9
6
0.732583
10
6
0.638597
11
6
0.758402
12
6
0.718655
13
6
0.740629
14
6
0.712891
15
6
0.672868
16
6
0.651504
17
6
0.617981
18
6
0.657149
19
6
0.827584
20
6
0.695269
21
6
0.733492
22
6
0.711628
23
6
0.710113
24
6
0.699089
25
6
0.738111
26
6
0.694262
27
6
0.606433
28
6
0.802658
29
6
0.665581
30
6
0.625105
31
6
0.705317
32
6
0.699813
33
6
0.769861
34
6
0.694406
35
6
0.630478
36
6
0.746733
37
6
0.739943
38
6
0.742523
39
6
0.844686
40
6
0.650931
41
6
0.686814
42
6
0.785113
43
6
0.776519
44
6
0.726412
45
6
0.744719
46
6
0.780472
47
6
0.763217
48
6
0.691145
49
6
0.788533
50
6
0.650046
51
6
0.782644
52
6
0.715972
0
7
0.594144
1
7
0.615398
2
7
0.809655
3
7
0.696855
4
7
0.778833
5
7
0.769095
6
7
0.644057
7
7
0.674993
8
7
0.723713
9
7
0.664454
10
7
0.745903
11
7
0.742587
12
7
0.689351
13
7
0.639394
14
7
0.784707
15
7
0.756272
16
7
0.617285
17
7
0.675308
18
7
0.731941
19
7
0.708072
20
7
0.680883
21
7
0.708787
22
7
0.805421
23
7
0.692641
24
7
0.785216
25
7
0.71111
26
7
0.718152
27
7
0.747848
28
7
0.695087
29
7
0.658011
30
7
0.721419
31
7
0.684524
32
7
0.798376
33
7
0.638582
34
7
0.670579
35
7
0.732808
36
7
0.632186
37
7
0.670025
38
7
0.688256
39
7
0.687276
40
7
0.735999
41
7
0.728499
42
7
0.723114
43
7
0.717015
44
7
0.751122
45
7
0.677286
46
7
0.742388
47
7
0.711857
48
7
0.673834
49
7
0.74844
50
7
0.814164
51
7
0.720867
52
7
0.696781
0
8
0.796916
1
8
0.7245
2
8
0.716776
3
8
0.684866
4
8
0.734986
5
8
0.697441
6
8
0.701572
7
8
0.667988
8
8
0.677894
9
8
0.786989
10
8
0.647425
11
8
0.662934
12
8
0.694586
13
8
0.795128
14
8
0.745418
15
8
0.644974
16
8
0.778572
17
8
0.71847
18
8
0.778327
19
8
0.642922
20
8
0.642416
21
8
0.722519
22
8
0.731692
23
8
0.652234
24
8
0.822527
25
8
0.697791
26
8
0.707455
27
8
0.643845
28
8
0.609631
29
8
0.728589
30
8
0.748542
31
8
0.784502
32
8
0.803624
33
8
0.646001
34
8
0.677349
35
8
0.618293
36
8
0.84425
37
8
0.815937
38
8
0.67949
39
8
0.688419
40
8
0.707755
41
8
0.746483
42
8
0.776123
43
8
0.714815
44
8
0.641976
45
8
0.804102
46
8
0.680626
47
8
0.707529
48
8
0.740942
49
8
0.689658
50
8
0.699135
51
8
0.673109
52
8
0.623651
0
9
0.679649
1
9
0.650527
2
9
0.741405
3
9
0.739404
4
9
0.755333
5
9
0.687805
6
9
0.820904
7
9
0.791008
8
9
0.744469
9
9
0.669583
10
9
0.754277
11
9
0.66599
12
9
0.75553
13
9
0.719988
14
9
0.756038
15
9
0.654407
16
9
0.732047
17
9
0.665865
18
9
0.644192
19
9
0.654148
20
9
0.757841
21
9
0.713673
22
9
0.746879
23
9
0.664963
24
9
0.713651
25
9
0.662017
26
9
0.773961
27
9
0.742784
28
9
0.713116
29
9
0.624958
30
9
0.824328
31
9
0.663988
32
9
0.744115
33
9
0.63608
34
9
0.759691
35
9
0.759452
36
9
0.592006
37
9
0.685089
38
9
0.638671
39
9
0.722802
40
9
0.668153
41
9
0.635573
42
9
0.654683
43
9
0.81628
44
9
0.796958
45
9
0.676651
46
9
0.694897
47
9
0.707659
48
9
0.704594
49
9
0.801861
50
9
0.619344
51
9
0.764002
52
9
0.811664
0
10
0.697053
1
10
0.67387
2
10
0.651835
3
10
0.788859
4
10
0.630988
5
10
0.738638
6
10
0.68349
7
10
0.766994
8
10
0.712279
9
10
0.697542
10
10
0.709491
11
10
0.710209
12
10
0.758076
13
10
0.665162
14
10
0.66151
15
10
0.788236
16
10
0.764037
17
10
0.670475
18
10
0.782217
19
10
0.794645
20
10
0.694917
21
10
0.810518
22
10
0.659073
23
10
0.633581
24
10
0.69955
25
10
0.798244
26
10
0.706569
27
10
0.718076
28
10
0.752789
29
10
0.59416
30
10
0.643445
31
10
0.830866
32
10
0.771758
33
10
0.834465
34
10
0.688035
35
10
0.769761
36
10
0.768636
37
10
0.712116
38
10
0.730011
39
10
0.713136
40
10
0.740912
41
10
0.773137
42
10
0.661513
43
10
0.687465
44
10
0.66829
45
10
0.819338
46
10
0.755492
47
10
0.640275
48
10
0.771299
49
10
0.688293
50
10
0.694098
51
10
0.613262
52
10
0.663835
0
11
0.766645
1
11
0.700099
2
11
0.718346
3
11
0.771344
4
11
0.734164
5
11
0.722461
6
11
0.667593
7
11
0.800902
8
11
0.748258
9
11
0.675755
10
11
0.729596
11
11
0.730794
12
11
0.758687
13
11
0.650822
14
11
0.806609
15
11
0.797798
16
11
0.699455
17
11
0.758068
18
11
0.825104
19
11
0.829238
20
11
0.735401
21
11
0.70448
22
11
0.737371
23
11
0.795792
24
11
0.766309
25
11
0.752729
26
11
0.708201
27
11
0.712949
28
11
0.633429
29
11
0.797574
30
11
0.77029
31
11
0.77876
32
11
0.688805
33
11
0.745274
34
11
0.717591
35
11
0.712398
36
11
0.696776
37
11
0.728388
38
11
0.703502
39
11
0.777372
40
11
0.821078
41
11
0.757644
42
11
0.676984
43
11
0.643317
44
11
0.712344
45
11
0.666706
46
11
0.647109
47
11
0.662115
48
11
0.685248
49
11
0.805201
50
11
0.710041
51
11
0.60959
52
11
0.820106
0
12
0.740896
1
12
0.790865
2
12
0.74465
3
12
0.668838
4
12
0.736367
5
12
0.623596
6
12
0.815162
7
12
0.641566
8
12
0.6497
9
12
0.725632
10
12
0.624973
11
12
0.782706
12
12
0.720757
13
12
0.729943
14
12
0.769334
15
12
0.71268
16
12
0.650545
17
12
0.83212
18
12
0.683814
19
12
0.79486
20
12
0.770958
21
12
0.752241
22
12
0.643843
23
12
0.778005
24
12
0.641326
25
12
0.694
26
12
0.808559
27
12
0.74605
28
12
0.754365
29
12
0.713926
30
12
0.646382
31
12
0.786114
32
12
0.765042
33
12
0.645079
34
12
0.689177
35
12
0.703846
36
12
0.713201
37
12
3.23885
38
12
0.742449
39
12
0.820749
40
12
0.757375
41
12
0.643093
42
12
0.735849
43
12
0.766039
44
12
0.617075
45
12
0.654339
46
12
0.676251
47
12
0.771564
48
12
0.666439
49
12
0.614809
50
12
0.709827
51
12
0.728871
52
12
0.705239
0
13
0.777208
1
13
0.763919
2
13
0.770431
3
13
0.67996
4
13
0.817658
5
13
0.703102
6
13
0.739883
7
13
0.755368
8
13
0.652045
9
13
0.739847
10
13
0.671369
11
13
0.792477
12
13
0.685024
13
13
0.757831
14
13
0.676987
15
13
0.72756
16
13
0.590154
17
13
0.63618
18
13
0.609704
19
13
0.732741
20
13
0.748042
21
13
0.699099
22
13
0.780341
23
13
0.764635
24
13
0.720285
25
13
0.701326
26
13
0.773955
27
13
0.740765
28
13
0.804695
29
13
0.643574
30
13
0.936184
31
13
0.790456
32
13
0.736635
33
13
0.708697
34
13
0.718501
35
13
3.78404
36
13
0.833282
37
13
0.676448
38
13
0.708095
39
13
0.679583
40
13
0.822082
41
13
0.78057
42
13
0.788997
43
13
0.699285
44
13
0.732045
45
13
0.686932
46
13
0.688709
47
13
0.842792
48
13
0.681198
49
13
0.74312
50
13
0.722183
51
13
0.681327
52
13
0.699803
0
14
0.761283
1
14
0.808661
2
14
0.771719
3
14
0.778661
4
14
0.83819
5
14
0.762089
6
14
0.754776
7
14
0.728522
8
14
0.664394
9
14
0.644671
10
14
0.782534
11
14
0.704794
12
14
0.728496
13
14
0.765411
14
14
0.659481
15
14
0.659009
16
14
0.717454
17
14
0.652949
18
14
0.813912
19
14
0.577954
20
14
0.666012
21
14
0.639447
22
14
0.652152
23
14
0.713825
24
14
0.712348
25
14
0.690851
26
14
0.847743
27
14
0.687633
28
14
0.645622
29
14
0.721176
30
14
0.768372
31
14
0.746718
32
14
0.657732
33
14
0.819019
34
14
0.726979
35
14
0.725868
36
14
0.783622
37
14
0.687385
38
14
0.749593
39
14
0.697539
40
14
0.759647
41
14
0.706394
42
14
0.693017
43
14
0.800333
44
14
0.706351
45
14
0.61533
46
14
0.737123
47
14
0.703975
48
14
0.686412
49
14
0.655939
50
14
0.67666
51
14
0.763914
52
14
0.716268
0
15
0.762805
1
15
0.746172
2
15
0.72918
3
15
0.794186
4
15
0.620155
5
15
0.689048
6
15
0.637139
7
15
0.635296
8
15
0.676493
9
15
0.793197
10
15
0.629985
11
15
0.724747
12
15
0.658948
13
15
0.779561
14
15
0.819682
15
15
0.67359
16
15
0.642108
17
15
0.812876
18
15
0.751057
19
15
0.685883
20
15
0.63172
21
15
0.797239
22
15
0.7174
23
15
0.715127
24
15
0.720397
25
15
0.799712
26
15
0.798734
27
15
0.789044
28
15
0.65244
29
15
0.680511
30
15
0.623077
31
15
0.788183
32
15
0.819581
33
15
0.747562
34
15
0.634905
35
15
0.624064
36
15
0.740742
37
15
0.715227
38
15
0.654237
39
15
0.754421
40
15
0.636392
41
15
0.641205
42
15
0.735049
43
15
0.671307
44
15
0.643473
45
15
0.736225
46
15
0.754115
47
15
0.638806
48
15
0.721991
49
15
0.696492
50
15
0.644793
51
15
0.705043
52
15
0.80168
