0
0.112882
1
0.100453
2
0.108849
3
6.17292
4
0.154495
5
0.106971
6
0.102038
7
0.188814
8
0.137515
9
0.107247
10
0.106513
11
0.169091
12
0.144184
13
0.132049
14
0.103326
15
0.159875
16
0.103103
17
0.118968
18
0.126977
19
0.107574
20
0.119296
21
0.108356
22
0.201845
23
0.100147
24
6.20633
25
0.181363
26
0.129686
27
0.100025
28
0.127049
29
0.100744
30
0.153625
31
0.150591
32
0.113125
33
0.112507
34
0.0999951
35
0.151966
36
0.1009
37
0.125182
38
0.144169
39
0.146181
40
0.0999076
41
0.106436
42
0.250133
43
0.151811
44
0.200012
45
0.194049
46
0.280567
47
0.118993
48
0.109344
49
0.150182
50
8.97174
51
0.157102
52
0.101812
