0
-10
0.671425
1
-10
0.734359
2
-10
0.721645
3
-10
0.760744
4
-10
0.749422
5
-10
0.671987
6
-10
10.8935
7
-10
0.634503
8
-10
0.682942
9
-10
0.821467
10
-10
0.763954
11
-10
0.65965
12
-10
0.697393
13
-10
0.632392
14
-10
0.609045
15
-10
0.667888
16
-10
0.757875
17
-10
0.465009
18
-10
5.61289
19
-10
0.75181
20
-10
0.685836
21
-10
0.602479
22
-10
0.706558
23
-10
0.695159
24
-10
0.57727
25
-10
0.621231
26
-10
0.774217
27
-10
0.715091
28
-10
0.768483
29
-10
0.6302
30
-10
0.78058
31
-10
0.660025
32
-10
0.709967
33
-10
1.95695
34
-10
0.623416
35
-10
0.801823
36
-10
0.658695
37
-10
0.479354
38
-10
0.824129
39
-10
0.619156
40
-10
0.569886
41
-10
0.524371
42
-10
0.712807
43
-10
0.826931
44
-10
0.615455
45
-10
0.658979
46
-10
0.794515
47
-10
0.570721
48
-10
0.712112
49
-10
0.717545
50
-10
0.691487
51
-10
0.782574
52
-10
0.792569
0
-9
0.667052
1
-9
0.808917
2
-9
0.751283
3
-9
5.29333
4
-9
0.694874
5
-9
0.763965
6
-9
0.621656
7
-9
0.649541
8
-9
0.609378
9
-9
0.561115
10
-9
0.799083
11
-9
0.578385
12
-9
0.643955
13
-9
0.731224
14
-9
0.660499
15
-9
0.754611
16
-9
0.671581
17
-9
0.695232
18
-9
0.73962
19
-9
0.685203
20
-9
0.562867
21
-9
0.693186
22
-9
0.749758
23
-9
0.657663
24
-9
0.786901
25
-9
0.768268
26
-9
0.730105
27
-9
0.728831
28
-9
0.662259
29
-9
0.742726
30
-9
0.780829
31
-9
0.721508
32
-9
0.648185
33
-9
0.786013
34
-9
0.600275
35
-9
0.655022
36
-9
0.734686
37
-9
0.791727
38
-9
0.742944
39
-9
0.709763
40
-9
0.826124
41
-9
0.78496
42
-9
0.700903
43
-9
0.645791
44
-9
0.785605
45
-9
0.751626
46
-9
0.78729
47
-9
0.654023
48
-9
0.596044
49
-9
0.599164
50
-9
0.762665
51
-9
0.648423
52
-9
0.680419
0
-8
0.797303
1
-8
0.746812
2
-8
0.758927
3
-8
0.694109
4
-8
0.686762
5
-8
0.481767
6
-8
0.784832
7
-8
0.738853
8
-8
0.669216
9
-8
0.70919
10
-8
0.611911
11
-8
0.595652
12
-8
0.573332
13
-8
0.703568
14
-8
0.583303
15
-8
0.543523
16
-8
0.707685
17
-8
0.695524
18
-8
0.648135
19
-8
0.696809
20
-8
0.7095
21
-8
0.711548
22
-8
0.55724
23
-8
0.775101
24
-8
0.776752
25
-8
0.619697
26
-8
0.706532
27
-8
0.568606
28
-8
0.571838
29
-8
0.790673
30
-8
0.72015
31
-8
0.720413
32
-8
0.682575
33
-8
0.664289
34
-8
0.711427
35
-8
0.721635
36
-8
0.696922
37
-8
0.697849
38
-8
0.778948
39
-8
0.796545
40
-8
0.69604
41
-8
0.672757
42
-8
0.668465
43
-8
0.816153
44
-8
0.659941
45
-8
0.597238
46
-8
0.623797
47
-8
0.761824
48
-8
0.571769
49
-8
0.698485
50
-8
0.837699
51
-8
0.769583
52
-8
0.718364
0
-7
0.641622
1
-7
0.617049
2
-7
0.599153
3
-7
0.720799
4
-7
0.743924
5
-7
0.64849
6
-7
0.851637
7
-7
0.782612
8
-7
5.61401
9
-7
0.653068
10
-7
0.74158
11
-7
0.835394
12
-7
0.762649
13
-7
0.516873
14
-7
0.764605
15
-7
0.666327
16
-7
0.828359
17
-7
0.704576
18
-7
0.649192
19
-7
0.737391
20
-7
0.618871
21
-7
0.562142
22
-7
0.653979
23
-7
0.603749
24
-7
0.687395
25
-7
0.714369
26
-7
0.517257
27
-7
0.669035
28
-7
0.651167
29
-7
0.787588
30
-7
0.691997
31
-7
0.749243
32
-7
0.784713
33
-7
0.714517
34
-7
0.460838
35
-7
0.800423
36
-7
0.653793
37
-7
0.612918
38
-7
0.657273
39
-7
0.667354
40
-7
0.644228
41
-7
0.787105
42
-7
0.648866
43
-7
0.750219
44
-7
0.540622
45
-7
0.664534
46
-7
0.665176
47
-7
0.487821
48
-7
0.651978
49
-7
0.63532
50
-7
0.66195
51
-7
4.80225
52
-7
0.620259
0
-6
0.666695
1
-6
0.731913
2
-6
0.706275
3
-6
0.616789
4
-6
0.726588
5
-6
0.614301
6
-6
0.603471
7
-6
0.608337
8
-6
0.599863
9
-6
0.759626
10
-6
0.670682
11
-6
0.686353
12
-6
0.67752
13
-6
0.653979
14
-6
0.715881
15
-6
0.787336
16
-6
0.770496
17
-6
0.356501
18
-6
0.69289
19
-6
0.746014
20
-6
0.706851
21
-6
0.617841
22
-6
0.819189
23
-6
0.704123
24
-6
0.782521
25
-6
0.717921
26
-6
0.604553
27
-6
0.723555
28
-6
0.619455
29
-6
3.2387
30
-6
0.679878
31
-6
0.764856
32
-6
0.610344
33
-6
0.654181
34
-6
0.652502
35
-6
0.733488
36
-6
0.62604
37
-6
0.731386
38
-6
0.487548
39
-6
0.683981
40
-6
0.657834
41
-6
0.743432
42
-6
0.748225
43
-6
0.645274
44
-6
0.754115
45
-6
0.816002
46
-6
0.754768
47
-6
0.778045
48
-6
0.612509
49
-6
0.787565
50
-6
0.703526
51
-6
0.801914
52
-6
0.739835
0
-5
0.669365
1
-5
0.692737
2
-5
0.70514
3
-5
0.624157
4
-5
0.676304
5
-5
0.690618
6
-5
0.760804
7
-5
0.617338
8
-5
5.25066
9
-5
0.748633
10
-5
0.606806
11
-5
0.639132
12
-5
0.761035
13
-5
0.65917
14
-5
0.700912
15
-5
4.12843
16
-5
0.674461
17
-5
0.721708
18
-5
0.715567
19
-5
0.780754
20
-5
0.754626
21
-5
0.684826
22
-5
0.630197
23
-5
0.59827
24
-5
0.682974
25
-5
0.730737
26
-5
0.675529
27
-5
0.648195
28
-5
0.646984
29
-5
0.702642
30
-5
0.651474
31
-5
0.459758
32
-5
0.693755
33
-5
0.690632
34
-5
0.742359
35
-5
0.69307
36
-5
0.465829
37
-5
0.667132
38
-5
0.745734
39
-5
0.737206
40
-5
0.628325
41
-5
0.547425
42
-5
0.817967
43
-5
0.723165
44
-5
0.631133
45
-5
0.740685
46
-5
0.718369
47
-5
0.662046
48
-5
0.715819
49
-5
0.670488
50
-5
0.720722
51
-5
0.759115
52
-5
0.813705
0
-4
0.60535
1
-4
0.714888
2
-4
0.610325
3
-4
0.677346
4
-4
0.742993
5
-4
0.680783
6
-4
0.728698
7
-4
0.711311
8
-4
0.838122
9
-4
0.761781
10
-4
0.838572
11
-4
0.769958
12
-4
0.577877
13
-4
0.678022
14
-4
0.836022
15
-4
0.774618
16
-4
0.64089
17
-4
0.62332
18
-4
0.740249
19
-4
0.460232
20
-4
0.64701
21
-4
0.516878
22
-4
0.756977
23
-4
0.742585
24
-4
0.707539
25
-4
0.754407
26
-4
0.667676
27
-4
0.639601
28
-4
0.739915
29
-4
0.792451
30
-4
0.568546
31
-4
0.70328
32
-4
0.726959
33
-4
1.51838
34
-4
0.72219
35
-4
0.749842
36
-4
0.651523
37
-4
0.664007
38
-4
0.659056
39
-4
0.715537
40
-4
0.716415
41
-4
0.752967
42
-4
0.731055
43
-4
0.701446
44
-4
0.694264
45
-4
0.665361
46
-4
0.749491
47
-4
0.66001
48
-4
0.779312
49
-4
0.656823
50
-4
0.685116
51
-4
0.787079
52
-4
0.736555
0
-3
0.794484
1
-3
0.748831
2
-3
0.543862
3
-3
0.578755
4
-3
0.666793
5
-3
0.762595
6
-3
0.815569
7
-3
0.612936
8
-3
0.73908
9
-3
0.658295
10
-3
0.766454
11
-3
0.625915
12
-3
0.631825
13
-3
0.816712
14
-3
0.781755
15
-3
0.820794
16
-3
0.779099
17
-3
0.724477
18
-3
0.721013
19
-3
0.779819
20
-3
0.657374
21
-3
0.834986
22
-3
0.680553
23
-3
0.690533
24
-3
0.675787
25
-3
0.713214
26
-3
0.647004
27
-3
0.653297
28
-3
0.708596
29
-3
0.702851
30
-3
0.636681
31
-3
0.675758
32
-3
0.755974
33
-3
0.78849
34
-3
0.759036
35
-3
0.704553
36
-3
0.663034
37
-3
9.91274
38
-3
0.737549
39
-3
0.649398
40
-3
0.608595
41
-3
0.67065
42
-3
0.665201
43
-3
0.644857
44
-3
0.641144
45
-3
0.758909
46
-3
0.808799
47
-3
0.802146
48
-3
0.717734
49
-3
0.55125
50
-3
0.818363
51
-3
0.629907
52
-3
0.692701
0
-2
0.779641
1
-2
0.680803
2
-2
0.666751
3
-2
0.729515
4
-2
0.735194
5
-2
0.74799
6
-2
0.765648
7
-2
0.81328
8
-2
0.717701
9
-2
0.661243
10
-2
0.601748
11
-2
0.648232
12
-2
0.713081
13
-2
5.40224
14
-2
0.659039
15
-2
0.735213
16
-2
0.622678
17
-2
0.767064
18
-2
0.786489
19
-2
0.582761
20
-2
0.604841
21
-2
0.610951
22
-2
0.698019
23
-2
0.740295
24
-2
0.812575
25
-2
0.62062
26
-2
0.766965
27
-2
0.734626
28
-2
0.619894
29
-2
0.770803
30
-2
0.81368
31
-2
0.753998
32
-2
0.665484
33
-2
0.699697
34
-2
0.688431
35
-2
0.4173
36
-2
0.732002
37
-2
0.573327
38
-2
0.695863
39
-2
0.751553
40
-2
0.628177
41
-2
0.663319
42
-2
0.680769
43
-2
0.783003
44
-2
0.609796
45
-2
0.680945
46
-2
0.598278
47
-2
0.484054
48
-2
0.671772
49
-2
0.56935
50
-2
0.789912
51
-2
0.546019
52
-2
0.778668
0
-1
0.797302
1
-1
0.791152
2
-1
0.504059
3
-1
0.697312
4
-1
0.680786
5
-1
0.675988
6
-1
0.721502
7
-1
0.653532
8
-1
0.680398
9
-1
0.708103
10
-1
0.523694
11
-1
0.779501
12
-1
0.639642
13
-1
0.714177
14
-1
0.537725
15
-1
0.624801
16
-1
9.76902
17
-1
0.702238
18
-1
0.677059
19
-1
0.804091
20
-1
0.797812
21
-1
0.715707
22
-1
0.757664
23
-1
0.721335
24
-1
0.728919
25
-1
0.641272
26
-1
0.792814
27
-1
0.722369
28
-1
0.833516
29
-1
0.735472
30
-1
0.722615
31
-1
0.764622
32
-1
0.710998
33
-1
5.30806
34
-1
0.652401
35
-1
0.679385
36
-1
0.808045
37
-1
0.618286
38
-1
0.614156
39
-1
0.656869
40
-1
0.572044
41
-1
0.453416
42
-1
0.669576
43
-1
0.625472
44
-1
0.639532
45
-1
0.675202
46
-1
0.677081
47
-1
0.537836
48
-1
0.676728
49
-1
0.811552
50
-1
0.776062
51
-1
0.731044
52
-1
0.659875
0
0
0.769179
1
0
0.710515
2
0
0.688035
3
0
0.790294
4
0
0.698143
5
0
0.573898
6
0
0.609226
7
0
0.718451
8
0
0.77661
9
0
0.661279
10
0
0.754763
11
0
0.633343
12
0
0.635819
13
0
0.797444
14
0
0.719309
15
0
0.668423
16
0
0.782777
17
0
0.70289
18
0
0.662346
19
0
0.76195
20
0
0.750598
21
0
0.668466
22
0
0.806801
23
0
0.840682
24
0
0.637205
25
0
0.853343
26
0
0.614358
27
0
0.648055
28
0
0.642926
29
0
0.657348
30
0
0.821971
31
0
0.766124
32
0
0.643141
33
0
0.585794
34
0
0.714512
35
0
0.636005
36
0
0.774947
37
0
0.684543
38
0
0.815315
39
0
0.690271
40
0
0.763268
41
0
0.618702
42
0
0.728948
43
0
0.668879
44
0
0.726183
45
0
0.623745
46
0
0.743151
47
0
0.834128
48
0
0.698518
49
0
0.756401
50
0
0.760631
51
0
0.72387
52
0
0.743223
0
1
0.687512
1
1
0.73083
2
1
0.691904
3
1
0.756559
4
1
0.746139
5
1
0.742009
6
1
0.728023
7
1
0.749262
8
1
0.795402
9
1
0.800333
10
1
0.359937
11
1
0.795276
12
1
0.689628
13
1
0.65414
14
1
0.697841
15
1
0.798635
16
1
0.762565
17
1
0.677249
18
1
0.667319
19
1
0.817838
20
1
0.72322
21
1
0.573607
22
1
0.310067
23
1
0.68791
24
1
0.714571
25
1
0.633479
26
1
0.681128
27
1
0.810833
28
1
0.717114
29
1
0.803707
30
1
0.76736
31
1
0.68809
32
1
0.650096
33
1
0.674898
34
1
0.831181
35
1
0.716635
36
1
0.767392
37
1
0.607306
38
1
0.795025
39
1
0.882053
40
1
0.755878
41
1
0.774539
42
1
0.801246
43
1
0.672925
44
1
0.77488
45
1
0.679121
46
1
0.531665
47
1
0.541689
48
1
0.694701
49
1
0.682435
50
1
0.77381
51
1
0.75061
52
1
0.732814
0
2
0.701633
1
2
0.740407
2
2
0.696485
3
2
0.759894
4
2
0.61209
5
2
0.706158
6
2
0.848312
7
2
0.763459
8
2
0.634746
9
2
0.692616
10
2
0.788098
11
2
0.741381
12
2
0.749054
13
2
0.785326
14
2
0.681023
15
2
0.657039
16
2
0.702632
17
2
0.739011
18
2
0.714292
19
2
0.797231
20
2
0.778664
21
2
0.408331
22
2
0.620968
23
2
0.72595
24
2
0.674311
25
2
0.746207
26
2
0.774978
27
2
0.608536
28
2
0.788981
29
2
0.714666
30
2
0.685625
31
2
0.670133
32
2
0.669537
33
2
0.772918
34
2
0.772704
35
2
0.762847
36
2
0.713065
37
2
5.71118
38
2
0.697755
39
2
0.782607
40
2
0.807911
41
2
0.729038
42
2
0.723901
43
2
0.721393
44
2
0.42374
45
2
0.671883
46
2
0.66613
47
2
0.81279
48
2
0.732983
49
2
0.776799
50
2
0.765232
51
2
0.595622
52
2
0.757654
0
3
0.747008
1
3
0.568991
2
3
0.759857
3
3
0.635203
4
3
0.706128
5
3
0.701897
6
3
0.677523
7
3
0.58035
8
3
0.60442
9
3
0.184931
10
3
0.763854
11
3
0.703591
12
3
0.63021
13
3
0.749515
14
3
0.645186
15
3
0.756774
16
3
0.746965
17
3
0.771115
18
3
0.595516
19
3
0.68997
20
3
0.693934
21
3
0.646142
22
3
0.68336
23
3
0.617772
24
3
0.689508
25
3
0.736909
26
3
0.803356
27
3
0.75307
28
3
0.719761
29
3
0.701675
30
3
0.782209
31
3
0.769679
32
3
0.687322
33
3
0.660571
34
3
0.723883
35
3
0.751248
36
3
0.650861
37
3
0.704852
38
3
0.706147
39
3
0.741803
40
3
0.685659
41
3
0.731741
42
3
0.757301
43
3
0.668788
44
3
0.0793444
45
3
0.690196
46
3
0.7589
47
3
0.562259
48
3
0.514127
49
3
0.735331
50
3
0.684245
51
3
0.800753
52
3
0.698202
0
4
0.729875
1
4
0.686445
2
4
0.778211
3
4
0.728147
4
4
0.778809
5
4
0.691773
6
4
0.774376
7
4
0.743215
8
4
0.666043
9
4
0.692475
10
4
0.767048
11
4
0.575897
12
4
0.667331
13
4
0.676373
14
4
0.753603
15
4
0.701899
16
4
0.671543
17
4
0.541285
18
4
0.639788
19
4
0.705922
20
4
0.824415
21
4
0.660364
22
4
0.711058
23
4
0.72506
24
4
0.730108
25
4
0.682559
26
4
0.731306
27
4
0.669009
28
4
0.808299
29
4
0.729795
30
4
0.703207
31
4
0.703853
32
4
0.317593
33
4
0.753892
34
4
0.695954
35
4
0.777419
36
4
0.670184
37
4
0.663483
38
4
0.713377
39
4
0.672902
40
4
0.816907
41
4
0.71896
42
4
0.708279
43
4
0.656785
44
4
9.91541
45
4
0.713829
46
4
0.78542
47
4
0.604346
48
4
0.731497
49
4
0.757561
50
4
0.569467
51
4
0.8318
52
4
0.679597
0
5
0.815226
1
5
0.801538
2
5
0.713326
3
5
0.677519
4
5
0.768015
5
5
0.818419
6
5
0.698345
7
5
0.733903
8
5
0.696398
9
5
0.474165
10
5
0.73175
11
5
0.652909
12
5
0.784337
13
5
0.73636
14
5
0.642284
15
5
0.66685
16
5
0.757072
17
5
0.767458
18
5
0.761408
19
5
0.754315
20
5
0.626408
21
5
0.64225
22
5
0.742983
23
5
0.77535
24
5
0.789106
25
5
0.720284
26
5
0.691538
27
5
0.684217
28
5
0.718684
29
5
0.722312
30
5
0.725179
31
5
0.723482
32
5
0.722786
33
5
0.735716
34
5
0.726326
35
5
0.659677
36
5
0.674161
37
5
0.634815
38
5
0.774739
39
5
0.797053
40
5
0.619523
41
5
0.748552
42
5
0.637545
43
5
0.766515
44
5
0.742421
45
5
0.510568
46
5
0.732357
47
5
0.760412
48
5
0.580085
49
5
0.608021
50
5
0.722818
51
5
0.761396
52
5
0.771089
0
6
0.714581
1
6
0.686194
2
6
2.97027
3
6
0.668091
4
6
0.676133
5
6
0.655405
6
6
0.720574
7
6
0.653191
8
6
0.717881
9
6
0.661954
10
6
0.651096
11
6
0.777016
12
6
0.849607
13
6
0.704011
14
6
0.721249
15
6
0.725119
16
6
0.763636
17
6
0.660441
18
6
0.685668
19
6
0.661331
20
6
0.678369
21
6
0.750247
22
6
0.639216
23
6
0.697865
24
6
0.667665
25
6
0.64841
26
6
0.56842
27
6
0.678193
28
6
0.630743
29
6
0.704467
30
6
0.714188
31
6
0.760202
32
6
0.6853
33
6
0.659414
34
6
0.613908
35
6
0.718479
36
6
0.805009
37
6
0.657247
38
6
0.685132
39
6
0.785421
40
6
0.709079
41
6
0.682816
42
6
0.590936
43
6
0.632598
44
6
0.690296
45
6
0.632242
46
6
0.672771
47
6
0.750723
48
6
0.723458
49
6
0.732409
50
6
0.856645
51
6
5.40039
52
6
0.622371
0
7
0.704909
1
7
0.728692
2
7
0.702717
3
7
0.655083
4
7
0.789897
5
7
0.714558
6
7
0.689638
7
7
0.672171
8
7
0.726329
9
7
0.678417
10
7
0.718808
11
7
0.669015
12
7
0.557966
13
7
0.686567
14
7
0.698399
15
7
0.64969
16
7
0.718131
17
7
0.652708
18
7
0.701788
19
7
0.773938
20
7
0.779787
21
7
0.679779
22
7
0.792287
23
7
0.700419
24
7
0.649635
25
7
0.719099
26
7
0.799005
27
7
0.762737
28
7
0.771256
29
7
0.712382
30
7
9.94741
31
7
0.63791
32
7
0.675135
33
7
0.774883
34
7
0.655654
35
7
0.614359
36
7
0.569165
37
7
0.645924
38
7
0.666104
39
7
0.690744
40
7
0.687489
41
7
0.67127
42
7
5.563
43
7
0.700282
44
7
0.659108
45
7
0.622079
46
7
0.651916
47
7
0.778142
48
7
0.511986
49
7
0.714516
50
7
0.738519
51
7
0.646037
52
7
0.685345
0
8
0.777605
1
8
0.619177
2
8
0.656234
3
8
0.664938
4
8
0.650435
5
8
0.577573
6
8
0.732393
7
8
0.666193
8
8
0.715719
9
8
0.42396
10
8
0.627109
11
8
0.922626
12
8
0.634833
13
8
0.64509
14
8
0.675868
15
8
0.353702
16
8
0.70493
17
8
0.74007
18
8
0.731696
19
8
0.713909
20
8
0.635151
21
8
0.63525
22
8
0.598102
23
8
0.783548
24
8
0.69914
25
8
0.692467
26
8
0.710611
27
8
0.668806
28
8
0.664174
29
8
0.632263
30
8
0.689483
31
8
0.724655
32
8
0.609535
33
8
0.551698
34
8
0.663955
35
8
0.7221
36
8
0.682722
37
8
0.779047
38
8
0.725138
39
8
0.760369
40
8
0.616041
41
8
0.620417
42
8
0.643713
43
8
0.628691
44
8
0.748613
45
8
0.63367
46
8
0.67215
47
8
0.642188
48
8
0.675625
49
8
0.815438
50
8
0.739239
51
8
0.670103
52
8
0.666114
0
9
0.728559
1
9
0.761253
2
9
0.690118
3
9
0.723088
4
9
0.660048
5
9
0.647407
6
9
0.719786
7
9
0.711848
8
9
0.771443
9
9
0.690811
10
9
0.799103
11
9
0.693296
12
9
0.774409
13
9
0.634817
14
9
0.733726
15
9
0.647344
16
9
0.686819
17
9
0.602945
18
9
0.714032
19
9
0.629245
20
9
0.674017
21
9
0.729599
22
9
0.541669
23
9
0.763689
24
9
0.645249
25
9
0.70058
26
9
0.760142
27
9
3.0738
28
9
0.595255
29
9
0.766138
30
9
0.615901
31
9
0.723774
32
9
0.621296
33
9
0.745673
34
9
0.723952
35
9
0.682961
36
9
0.761251
37
9
0.649621
38
9
0.545678
39
9
0.67153
40
9
0.715451
41
9
0.617749
42
9
0.681199
43
9
0.681958
44
9
0.681472
45
9
0.763108
46
9
0.776511
47
9
0.725972
48
9
0.744453
49
9
0.708903
50
9
0.680241
51
9
0.655005
52
9
0.729063
0
10
0.708307
1
10
0.735523
2
10
0.66222
3
10
0.655595
4
10
0.684711
5
10
0.733834
6
10
0.721243
7
10
0.779943
8
10
0.723228
9
10
0.484924
10
10
0.739572
11
10
0.724728
12
10
0.703922
13
10
0.647365
14
10
0.732663
15
10
0.813347
16
10
3.11729
17
10
0.749693
18
10
0.732507
19
10
0.614277
20
10
0.675855
21
10
0.667977
22
10
0.725834
23
10
0.600309
24
10
0.718703
25
10
0.794494
26
10
0.560799
27
10
0.749512
28
10
0.711227
29
10
0.671465
30
10
0.6803
31
10
0.70144
32
10
5.48669
33
10
0.676701
34
10
0.719733
35
10
0.725995
36
10
0.7965
37
10
0.655475
38
10
0.622405
39
10
0.631418
40
10
0.692057
41
10
0.680809
42
10
0.71705
43
10
0.738658
44
10
0.760987
45
10
0.657706
46
10
0.741882
47
10
0.765031
48
10
0.651726
49
10
0.675469
50
10
0.734588
51
10
0.80258
52
10
0.321616
0
11
0.636456
1
11
0.627132
2
11
0.666122
3
11
0.755106
4
11
0.766219
5
11
0.675079
6
11
0.701835
7
11
0.891692
8
11
0.762762
9
11
0.529503
10
11
0.670092
11
11
0.71959
12
11
0.82358
13
11
0.820641
14
11
0.739712
15
11
0.589773
16
11
0.726026
17
11
0.399823
18
11
0.745826
19
11
0.719467
20
11
0.599151
21
11
0.783368
22
11
0.717887
23
11
0.682921
24
11
0.743286
25
11
0.77623
26
11
0.733191
27
11
0.520696
28
11
0.732841
29
11
0.666009
30
11
0.73214
31
11
0.738147
32
11
0.788569
33
11
0.629008
34
11
0.667654
35
11
0.820015
36
11
0.689877
37
11
0.738667
38
11
0.677466
39
11
0.61065
40
11
1.4062
41
11
0.704887
42
11
0.712513
43
11
0.630802
44
11
0.708537
45
11
0.705775
46
11
0.570894
47
11
0.478665
48
11
0.61057
49
11
0.779942
50
11
0.745588
51
11
0.753473
52
11
0.740403
0
12
0.761157
1
12
0.697205
2
12
0.608269
3
12
0.785826
4
12
0.602389
5
12
0.826943
6
12
0.705693
7
12
0.948547
8
12
0.728888
9
12
0.71504
10
12
0.593643
11
12
0.606247
12
12
0.800294
13
12
0.75571
14
12
0.76227
15
12
0.610366
16
12
0.694664
17
12
0.654009
18
12
0.527782
19
12
0.741763
20
12
0.693122
21
12
0.692848
22
12
0.772486
23
12
0.70125
24
12
0.687725
25
12
0.802991
26
12
0.717936
27
12
0.69333
28
12
0.707401
29
12
0.62957
30
12
0.7185
31
12
0.517805
32
12
0.725954
33
12
0.704242
34
12
0.797727
35
12
0.66396
36
12
0.702485
37
12
0.680203
38
12
0.777162
39
12
0.794318
40
12
0.741477
41
12
0.685673
42
12
0.719278
43
12
0.639325
44
12
0.782653
45
12
0.753326
46
12
0.6367
47
12
0.721658
48
12
0.707602
49
12
0.600936
50
12
0.754789
51
12
0.67188
52
12
0.711026
0
13
0.68801
1
13
0.647397
2
13
0.701454
3
13
0.70766
4
13
0.700286
5
13
0.74203
6
13
0.738341
7
13
0.637107
8
13
0.688235
9
13
0.645717
10
13
0.76486
11
13
0.0565718
12
13
0.60595
13
13
0.785314
14
13
0.646444
15
13
0.690574
16
13
0.699802
17
13
0.77183
18
13
0.812525
19
13
0.742108
20
13
0.768958
21
13
0.702658
22
13
0.681672
23
13
0.692179
24
13
0.655092
25
13
0.581422
26
13
0.541441
27
13
0.797698
28
13
0.737884
29
13
0.645529
30
13
0.69438
31
13
0.802095
32
13
0.786322
33
13
0.770606
34
13
0.642206
35
13
0.601992
36
13
0.76349
37
13
0.704676
38
13
0.692258
39
13
0.567414
40
13
0.728548
41
13
0.815458
42
13
0.637808
43
13
0.729767
44
13
0.770074
45
13
0.704531
46
13
0.697156
47
13
0.607889
48
13
0.6592
49
13
0.688561
50
13
0.664956
51
13
1.52575
52
13
0.714068
0
14
0.711932
1
14
0.783641
2
14
0.705686
3
14
0.712505
4
14
0.753657
5
14
0.639223
6
14
0.736116
7
14
0.554636
8
14
0.789052
9
14
0.641248
10
14
0.647763
11
14
0.718296
12
14
0.639625
13
14
0.816088
14
14
0.737563
15
14
0.674395
16
14
0.765534
17
14
0.693139
18
14
0.597777
19
14
0.78552
20
14
0.805489
21
14
0.720631
22
14
0.787505
23
14
0.745821
24
14
0.776659
25
14
0.659682
26
14
0.651534
27
14
0.708634
28
14
0.732691
29
14
0.722895
30
14
0.808736
31
14
0.698869
32
14
0.668281
33
14
0.714107
34
14
0.707009
35
14
0.658338
36
14
0.69842
37
14
0.762142
38
14
0.624286
39
14
0.642773
40
14
0.766198
41
14
0.615147
42
14
0.788517
43
14
0.713616
44
14
0.654763
45
14
0.780985
46
14
0.794085
47
14
0.788247
48
14
0.761186
49
14
0.691764
50
14
0.790459
51
14
0.627229
52
14
0.62554
0
15
0.638804
1
15
0.798997
2
15
0.64986
3
15
0.687976
4
15
0.662578
5
15
0.792427
6
15
0.677907
7
15
0.779619
8
15
0.680124
9
15
0.781162
10
15
0.782328
11
15
0.608769
12
15
0.778102
13
15
0.678128
14
15
0.792494
15
15
0.650033
16
15
0.741922
17
15
0.570957
18
15
0.660872
19
15
0.63033
20
15
0.669513
21
15
0.748382
22
15
0.751385
23
15
0.764408
24
15
0.571445
25
15
0.735538
26
15
0.814253
27
15
0.68284
28
15
0.705842
29
15
0.769258
30
15
0.724296
31
15
0.724642
32
15
0.69021
33
15
0.686934
34
15
0.628781
35
15
0.722963
36
15
0.703779
37
15
0.673539
38
15
0.781039
39
15
0.674707
40
15
0.797569
41
15
0.778374
42
15
0.768291
43
15
0.606454
44
15
0.778563
45
15
0.630253
46
15
0.699841
47
15
0.749657
48
15
0.795836
49
15
0.764738
50
15
0.747494
51
15
0.6696
52
15
0.71032
