0
-10
0.685017
1
-10
0.610987
2
-10
0.689319
3
-10
0.685559
4
-10
0.604105
5
-10
0.651676
6
-10
0.717263
7
-10
0.759459
8
-10
0.690994
9
-10
1.29046
10
-10
0.730445
11
-10
0.641156
12
-10
0.679936
13
-10
0.695037
14
-10
0.770731
15
-10
0.790118
16
-10
0.695826
17
-10
0.808976
18
-10
0.772268
19
-10
0.782174
20
-10
0.646229
21
-10
0.674484
22
-10
0.743057
23
-10
0.815062
24
-10
0.815909
25
-10
0.672497
26
-10
0.747019
27
-10
0.693322
28
-10
0.801361
29
-10
0.732206
30
-10
0.719676
31
-10
0.765223
32
-10
0.818052
33
-10
0.758946
34
-10
0.723445
35
-10
0.75662
36
-10
0.686424
37
-10
0.719931
38
-10
0.775326
39
-10
0.700278
40
-10
0.794965
41
-10
0.725824
42
-10
0.775139
43
-10
0.649593
44
-10
0.796269
45
-10
0.742398
46
-10
0.677002
47
-10
0.692115
48
-10
0.770075
49
-10
0.733437
50
-10
0.726055
51
-10
0.792925
52
-10
0.745646
0
-9
0.757837
1
-9
0.821762
2
-9
0.695984
3
-9
0.829727
4
-9
0.743648
5
-9
0.81722
6
-9
0.754339
7
-9
0.776249
8
-9
0.777956
9
-9
0.809563
10
-9
0.78836
11
-9
0.759063
12
-9
0.758678
13
-9
0.629209
14
-9
0.697714
15
-9
0.739838
16
-9
0.805179
17
-9
0.764847
18
-9
0.726744
19
-9
0.771722
20
-9
0.784254
21
-9
0.777823
22
-9
0.673936
23
-9
0.651847
24
-9
0.730681
25
-9
0.710543
26
-9
0.695087
27
-9
0.750831
28
-9
0.751621
29
-9
0.845927
30
-9
0.779019
31
-9
0.808662
32
-9
0.669626
33
-9
0.704804
34
-9
0.730721
35
-9
0.74297
36
-9
0.790522
37
-9
0.840449
38
-9
0.645629
39
-9
0.706883
40
-9
0.714491
41
-9
0.733665
42
-9
0.733595
43
-9
0.742872
44
-9
0.755812
45
-9
0.658059
46
-9
0.626598
47
-9
0.791699
48
-9
0.751334
49
-9
0.7311
50
-9
0.72924
51
-9
0.641264
52
-9
0.817537
0
-8
0.668862
1
-8
0.672687
2
-8
0.656084
3
-8
0.815259
4
-8
0.716065
5
-8
0.670268
6
-8
0.64782
7
-8
0.810266
8
-8
0.633092
9
-8
0.644673
10
-8
0.719971
11
-8
0.697594
12
-8
0.784269
13
-8
0.827072
14
-8
0.731036
15
-8
0.823648
16
-8
0.647875
17
-8
0.669392
18
-8
0.805127
19
-8
0.6979
20
-8
0.809978
21
-8
0.767423
22
-8
0.776553
23
-8
0.699071
24
-8
0.639747
25
-8
0.714327
26
-8
0.638689
27
-8
0.698358
28
-8
0.704268
29
-8
0.603123
30
-8
0.666962
31
-8
0.628674
32
-8
0.68327
33
-8
0.985683
34
-8
0.697683
35
-8
0.72724
36
-8
0.683441
37
-8
0.725376
38
-8
0.794584
39
-8
0.740131
40
-8
0.68907
41
-8
0.74843
42
-8
0.67037
43
-8
0.812497
44
-8
0.759218
45
-8
0.735585
46
-8
0.6104
47
-8
0.726131
48
-8
0.682138
49
-8
0.700708
50
-8
0.671763
51
-8
0.753393
52
-8
0.75274
0
-7
0.793898
1
-7
0.729004
2
-7
0.726036
3
-7
0.68461
4
-7
0.694759
5
-7
1.27183
6
-7
0.718248
7
-7
0.659929
8
-7
0.78557
9
-7
0.759204
10
-7
0.845876
11
-7
0.745336
12
-7
0.652837
13
-7
0.638596
14
-7
0.684784
15
-7
0.777287
16
-7
0.675699
17
-7
0.76323
18
-7
0.652403
19
-7
0.718052
20
-7
0.740161
21
-7
0.699687
22
-7
0.801867
23
-7
0.765303
24
-7
0.72505
25
-7
0.710772
26
-7
0.638027
27
-7
0.712604
28
-7
0.79182
29
-7
0.758232
30
-7
0.74275
31
-7
0.685231
32
-7
0.772175
33
-7
0.656615
34
-7
0.733812
35
-7
0.708926
36
-7
0.676295
37
-7
0.734147
38
-7
0.682384
39
-7
0.653703
40
-7
0.725924
41
-7
0.736246
42
-7
0.690717
43
-7
0.732605
44
-7
0.743311
45
-7
0.682264
46
-7
0.830103
47
-7
0.630404
48
-7
0.771418
49
-7
0.672171
50
-7
0.709719
51
-7
0.812793
52
-7
0.57352
0
-6
0.733498
1
-6
0.801002
2
-6
0.66424
3
-6
0.661082
4
-6
0.757825
5
-6
0.648541
6
-6
0.710824
7
-6
0.693385
8
-6
0.650108
9
-6
0.777667
10
-6
0.771632
11
-6
0.66016
12
-6
0.831909
13
-6
0.79107
14
-6
0.634063
15
-6
0.726982
16
-6
0.700739
17
-6
0.780113
18
-6
0.617479
19
-6
0.670276
20
-6
0.726505
21
-6
0.855066
22
-6
0.66785
23
-6
0.624138
24
-6
0.824046
25
-6
0.809977
26
-6
0.803741
27
-6
0.76842
28
-6
0.803741
29
-6
0.736359
30
-6
0.766613
31
-6
0.726861
32
-6
0.744586
33
-6
0.70173
34
-6
0.746339
35
-6
0.737016
36
-6
0.662712
37
-6
0.807862
38
-6
0.772979
39
-6
0.741756
40
-6
0.742778
41
-6
0.696383
42
-6
0.637553
43
-6
0.685987
44
-6
0.762577
45
-6
0.818749
46
-6
0.712966
47
-6
0.725382
48
-6
0.731714
49
-6
0.767788
50
-6
0.704388
51
-6
0.764309
52
-6
1.45447
0
-5
0.808982
1
-5
0.80744
2
-5
0.712816
3
-5
0.739125
4
-5
0.784694
5
-5
0.648466
6
-5
0.690634
7
-5
0.750358
8
-5
0.641846
9
-5
0.701371
10
-5
0.749022
11
-5
0.596455
12
-5
0.80007
13
-5
0.691117
14
-5
0.803913
15
-5
0.659401
16
-5
0.716139
17
-5
0.681056
18
-5
0.621578
19
-5
0.735623
20
-5
0.716342
21
-5
0.818084
22
-5
0.782602
23
-5
0.65428
24
-5
0.798994
25
-5
0.632164
26
-5
0.829939
27
-5
0.709465
28
-5
0.787825
29
-5
0.724384
30
-5
0.79778
31
-5
0.699544
32
-5
0.686016
33
-5
0.784619
34
-5
0.643631
35
-5
0.701082
36
-5
0.764301
37
-5
0.720291
38
-5
0.824476
39
-5
0.81086
40
-5
0.823667
41
-5
0.788735
42
-5
0.729102
43
-5
0.774778
44
-5
0.737237
45
-5
0.721844
46
-5
0.803275
47
-5
0.728603
48
-5
0.694286
49
-5
0.619244
50
-5
0.622261
51
-5
0.708278
52
-5
0.731132
0
-4
0.735718
1
-4
0.781679
2
-4
0.768978
3
-4
0.664404
4
-4
0.671517
5
-4
0.623593
6
-4
0.686194
7
-4
0.694531
8
-4
0.747233
9
-4
0.663614
10
-4
0.695451
11
-4
0.738288
12
-4
0.700028
13
-4
0.631997
14
-4
0.622235
15
-4
0.701837
16
-4
0.665225
17
-4
0.748683
18
-4
0.668833
19
-4
0.707536
20
-4
0.729142
21
-4
0.675281
22
-4
0.67566
23
-4
0.700223
24
-4
0.682823
25
-4
0.724458
26
-4
0.766545
27
-4
0.682298
28
-4
0.622503
29
-4
0.82591
30
-4
0.667132
31
-4
0.642002
32
-4
0.722435
33
-4
0.70607
34
-4
0.818555
35
-4
0.777147
36
-4
0.658709
37
-4
0.650057
38
-4
0.793977
39
-4
0.699274
40
-4
0.709175
41
-4
0.760259
42
-4
0.636022
43
-4
0.728142
44
-4
0.678552
45
-4
0.684762
46
-4
0.783046
47
-4
0.742679
48
-4
0.670439
49
-4
0.804914
50
-4
0.648158
51
-4
0.645919
52
-4
0.734218
0
-3
0.754446
1
-3
0.657667
2
-3
0.705216
3
-3
0.776185
4
-3
0.746294
5
-3
1.49171
6
-3
0.708337
7
-3
0.817123
8
-3
0.736959
9
-3
0.746041
10
-3
0.789934
11
-3
0.738588
12
-3
0.667327
13
-3
0.773024
14
-3
0.696896
15
-3
0.73305
16
-3
0.630352
17
-3
0.657621
18
-3
0.688958
19
-3
0.757836
20
-3
0.766936
21
-3
0.762051
22
-3
0.630493
23
-3
0.741607
24
-3
0.697949
25
-3
0.76644
26
-3
0.640184
27
-3
0.620994
28
-3
0.619141
29
-3
0.723307
30
-3
0.802675
31
-3
0.820458
32
-3
0.669324
33
-3
0.679528
34
-3
0.77115
35
-3
0.741394
36
-3
0.738618
37
-3
0.812635
38
-3
0.752264
39
-3
0.738336
40
-3
0.714108
41
-3
0.746489
42
-3
0.739911
43
-3
0.806454
44
-3
0.702729
45
-3
0.736553
46
-3
0.673032
47
-3
0.713386
48
-3
0.700355
49
-3
0.825563
50
-3
0.797273
51
-3
0.735932
52
-3
0.76157
0
-2
0.6043
1
-2
0.813504
2
-2
0.663982
3
-2
0.663566
4
-2
0.723752
5
-2
0.76461
6
-2
0.748387
7
-2
0.747697
8
-2
0.713166
9
-2
0.710306
10
-2
0.752493
11
-2
0.80219
12
-2
0.71284
13
-2
0.720437
14
-2
0.699334
15
-2
0.640104
16
-2
0.742621
17
-2
0.662221
18
-2
0.800637
19
-2
0.658918
20
-2
0.810406
21
-2
0.755068
22
-2
0.689373
23
-2
0.795175
24
-2
0.713229
25
-2
0.736519
26
-2
0.660374
27
-2
0.675993
28
-2
0.631247
29
-2
0.685949
30
-2
0.659858
31
-2
0.765537
32
-2
0.826701
33
-2
0.835684
34
-2
0.64296
35
-2
0.745005
36
-2
0.787248
37
-2
0.726203
38
-2
0.700766
39
-2
0.706131
40
-2
0.731028
41
-2
0.749483
42
-2
0.62948
43
-2
0.615785
44
-2
0.835286
45
-2
0.701456
46
-2
0.815577
47
-2
0.629361
48
-2
0.609686
49
-2
0.642098
50
-2
0.751293
51
-2
0.762312
52
-2
0.813281
0
-1
0.722248
1
-1
0.773097
2
-1
0.764635
3
-1
0.650439
4
-1
0.758443
5
-1
0.728466
6
-1
0.711274
7
-1
0.774269
8
-1
0.665372
9
-1
0.777875
10
-1
0.746019
11
-1
0.697009
12
-1
0.769887
13
-1
0.675222
14
-1
0.693667
15
-1
0.741726
16
-1
0.603706
17
-1
0.744343
18
-1
0.727478
19
-1
0.603946
20
-1
0.776558
21
-1
0.720861
22
-1
0.805125
23
-1
0.712076
24
-1
0.762134
25
-1
0.602821
26
-1
0.784882
27
-1
0.769204
28
-1
0.633491
29
-1
0.754634
30
-1
0.774818
31
-1
0.789646
32
-1
0.70426
33
-1
0.753612
34
-1
0.74075
35
-1
0.633516
36
-1
0.8426
37
-1
0.760654
38
-1
0.668901
39
-1
0.679092
40
-1
0.671361
41
-1
0.814768
42
-1
0.691885
43
-1
0.790133
44
-1
0.701277
45
-1
0.760059
46
-1
0.677984
47
-1
0.722458
48
-1
0.757486
49
-1
0.6843
50
-1
0.786307
51
-1
0.716531
52
-1
0.835572
0
0
0.632393
1
0
0.748913
2
0
0.700526
3
0
0.646743
4
0
0.762881
5
0
0.7575
6
0
0.718912
7
0
0.823586
8
0
0.624421
9
0
0.796286
10
0
0.77752
11
0
0.708665
12
0
0.760482
13
0
0.816334
14
0
0.688182
15
0
0.794602
16
0
0.670125
17
0
0.784219
18
0
0.780664
19
0
0.678714
20
0
0.667296
21
0
0.729459
22
0
0.821834
23
0
0.752774
24
0
0.760412
25
0
0.644766
26
0
0.668759
27
0
0.696719
28
0
0.875317
29
0
0.672646
30
0
0.682934
31
0
0.718207
32
0
0.835254
33
0
0.803946
34
0
0.643759
35
0
0.726773
36
0
0.746113
37
0
0.715385
38
0
0.672131
39
0
0.713138
40
0
0.693344
41
0
0.704137
42
0
0.700105
43
0
0.60622
44
0
0.812179
45
0
0.718238
46
0
0.703665
47
0
0.765934
48
0
0.758428
49
0
0.649417
50
0
0.628485
51
0
0.734066
52
0
0.749735
0
1
0.72883
1
1
0.767326
2
1
0.804601
3
1
0.723025
4
1
0.653331
5
1
0.716106
6
1
0.679768
7
1
0.684958
8
1
0.778803
9
1
0.780896
10
1
0.75742
11
1
0.845392
12
1
0.685883
13
1
0.623856
14
1
0.726199
15
1
0.713062
16
1
0.761076
17
1
0.717363
18
1
0.768539
19
1
0.676882
20
1
0.747231
21
1
0.770465
22
1
0.738908
23
1
0.809457
24
1
0.65495
25
1
0.735401
26
1
0.643991
27
1
0.693883
28
1
0.675238
29
1
0.656555
30
1
0.75407
31
1
0.842028
32
1
0.659925
33
1
0.751197
34
1
0.761187
35
1
0.742961
36
1
0.755727
37
1
0.762464
38
1
0.791908
39
1
0.689856
40
1
0.783057
41
1
0.64369
42
1
0.61996
43
1
0.700276
44
1
0.848709
45
1
0.792522
46
1
0.646125
47
1
0.743498
48
1
0.805819
49
1
0.753439
50
1
0.664
51
1
0.760214
52
1
0.658293
0
2
0.695734
1
2
0.626937
2
2
0.785993
3
2
0.727887
4
2
0.821898
5
2
0.742382
6
2
0.737436
7
2
0.726598
8
2
0.616538
9
2
0.738745
10
2
0.650869
11
2
0.678241
12
2
0.860911
13
2
0.698562
14
2
0.647932
15
2
0.678807
16
2
0.739426
17
2
0.740686
18
2
0.768649
19
2
0.637317
20
2
0.705039
21
2
0.783301
22
2
0.774616
23
2
1.17518
24
2
0.741403
25
2
0.764596
26
2
0.682441
27
2
0.711085
28
2
0.708417
29
2
0.710256
30
2
0.76413
31
2
0.672418
32
2
0.79041
33
2
0.748497
34
2
0.680395
35
2
0.735449
36
2
0.714516
37
2
0.70191
38
2
0.801704
39
2
0.67955
40
2
0.741394
41
2
0.72111
42
2
0.646064
43
2
0.764267
44
2
0.780206
45
2
0.617613
46
2
0.785224
47
2
0.771662
48
2
0.757995
49
2
0.7901
50
2
0.659732
51
2
0.711285
52
2
0.667506
0
3
0.704235
1
3
0.706845
2
3
0.679165
3
3
0.858508
4
3
0.659444
5
3
0.803722
6
3
0.658565
7
3
0.743813
8
3
0.809859
9
3
0.613677
10
3
0.70046
11
3
0.777521
12
3
0.652595
13
3
0.81005
14
3
0.703564
15
3
0.770065
16
3
0.776924
17
3
0.835947
18
3
0.762721
19
3
0.691062
20
3
0.631782
21
3
0.735769
22
3
0.708743
23
3
0.784479
24
3
0.791121
25
3
0.821347
26
3
0.68116
27
3
0.842999
28
3
0.801302
29
3
0.838204
30
3
0.739064
31
3
0.7275
32
3
0.728268
33
3
0.722337
34
3
0.646735
35
3
0.790381
36
3
0.673707
37
3
0.689303
38
3
0.738608
39
3
0.736894
40
3
0.749791
41
3
0.744396
42
3
0.720357
43
3
0.73847
44
3
0.708061
45
3
0.670165
46
3
0.790813
47
3
0.715361
48
3
0.674136
49
3
0.716258
50
3
0.754036
51
3
0.782828
52
3
0.790052
0
4
0.793858
1
4
0.711992
2
4
0.773411
3
4
0.754694
4
4
0.711688
5
4
0.712487
6
4
0.813423
7
4
0.737302
8
4
0.702145
9
4
0.67105
10
4
0.813286
11
4
0.691563
12
4
0.634808
13
4
0.678538
14
4
0.680692
15
4
0.744075
16
4
0.798763
17
4
0.690484
18
4
0.769253
19
4
0.719439
20
4
0.797221
21
4
0.715619
22
4
0.643172
23
4
0.751547
24
4
0.747622
25
4
0.698894
26
4
0.819219
27
4
0.634584
28
4
0.781522
29
4
0.602233
30
4
1.10595
31
4
0.659021
32
4
0.743153
33
4
0.687216
34
4
0.780357
35
4
0.767523
36
4
0.702355
37
4
0.730963
38
4
0.726894
39
4
0.790096
40
4
0.735954
41
4
0.80417
42
4
0.65785
43
4
0.758781
44
4
0.79246
45
4
0.708354
46
4
0.63833
47
4
0.758841
48
4
0.702911
49
4
0.667299
50
4
0.714137
51
4
0.647176
52
4
0.812051
0
5
0.793712
1
5
0.696047
2
5
0.705224
3
5
0.679974
4
5
0.753155
5
5
0.84169
6
5
0.655208
7
5
0.714081
8
5
0.613719
9
5
0.71408
10
5
0.71121
11
5
0.800335
12
5
0.663637
13
5
0.799003
14
5
0.668206
15
5
0.789623
16
5
0.768028
17
5
0.704587
18
5
0.686222
19
5
0.754374
20
5
0.740548
21
5
0.639726
22
5
0.714941
23
5
0.744637
24
5
0.72516
25
5
0.751614
26
5
0.65024
27
5
0.816149
28
5
0.713456
29
5
0.779598
30
5
0.677144
31
5
0.679259
32
5
0.804123
33
5
0.741489
34
5
0.653791
35
5
0.677916
36
5
0.624798
37
5
0.73273
38
5
0.643527
39
5
0.805258
40
5
0.762369
41
5
0.693721
42
5
0.649585
43
5
0.69112
44
5
0.656736
45
5
0.682906
46
5
0.799599
47
5
0.697873
48
5
0.67764
49
5
0.802258
50
5
0.616041
51
5
0.634204
52
5
0.729523
0
6
0.628448
1
6
0.720531
2
6
0.624913
3
6
0.726193
4
6
0.718049
5
6
0.748058
6
6
0.74406
7
6
0.778258
8
6
0.637521
9
6
0.752498
10
6
0.709624
11
6
0.799057
12
6
0.749375
13
6
0.654735
14
6
0.739885
15
6
0.762193
16
6
0.637716
17
6
0.596062
18
6
0.724327
19
6
0.719022
20
6
0.834266
21
6
0.568405
22
6
0.780982
23
6
0.727154
24
6
0.740028
25
6
0.690656
26
6
0.776655
27
6
0.625346
28
6
0.740179
29
6
0.680764
30
6
0.638112
31
6
0.82518
32
6
0.809502
33
6
0.777731
34
6
0.688802
35
6
0.743168
36
6
0.824666
37
6
0.830754
38
6
0.818231
39
6
0.696711
40
6
0.750635
41
6
0.795102
42
6
0.76603
43
6
0.740506
44
6
0.651254
45
6
0.764023
46
6
0.757339
47
6
0.688085
48
6
0.624298
49
6
0.734402
50
6
0.718738
51
6
0.73076
52
6
0.71822
0
7
0.720406
1
7
0.70487
2
7
0.723769
3
7
0.690869
4
7
0.631249
5
7
0.7298
6
7
0.680218
7
7
0.647401
8
7
0.685328
9
7
0.697641
10
7
0.830087
11
7
0.80725
12
7
0.844749
13
7
0.760174
14
7
0.740972
15
7
0.666585
16
7
0.755906
17
7
0.748225
18
7
0.640439
19
7
0.723098
20
7
0.673846
21
7
0.725155
22
7
0.740357
23
7
0.812739
24
7
0.712515
25
7
0.652871
26
7
0.754363
27
7
0.768747
28
7
0.743589
29
7
0.771266
30
7
0.993013
31
7
0.630209
32
7
0.756984
33
7
0.847224
34
7
0.711374
35
7
0.752662
36
7
0.714889
37
7
0.613113
38
7
0.753979
39
7
0.744271
40
7
0.787452
41
7
0.859518
42
7
0.682098
43
7
0.669939
44
7
0.725536
45
7
0.743836
46
7
0.675425
47
7
0.756528
48
7
0.751906
49
7
0.759449
50
7
0.787586
51
7
0.710785
52
7
0.650809
0
8
0.783846
1
8
0.706565
2
8
0.682645
3
8
0.704958
4
8
0.786572
5
8
0.801036
6
8
0.786739
7
8
0.654292
8
8
0.639729
9
8
0.695608
10
8
0.655272
11
8
0.739628
12
8
0.671081
13
8
0.821783
14
8
0.820278
15
8
0.635262
16
8
0.769074
17
8
0.615433
18
8
0.761983
19
8
0.720085
20
8
0.638474
21
8
0.684827
22
8
0.744106
23
8
0.75129
24
8
0.659998
25
8
0.763077
26
8
0.776207
27
8
0.72858
28
8
0.761325
29
8
0.734985
30
8
0.664887
31
8
0.700846
32
8
0.782832
33
8
0.818754
34
8
0.75825
35
8
0.715106
36
8
0.635534
37
8
0.609798
38
8
0.679636
39
8
0.837061
40
8
0.765055
41
8
0.7214
42
8
0.660797
43
8
0.747324
44
8
0.68972
45
8
0.633934
46
8
0.648304
47
8
0.757197
48
8
0.734702
49
8
0.760185
50
8
0.785639
51
8
0.674797
52
8
0.625475
0
9
0.731096
1
9
0.794143
2
9
0.689434
3
9
0.634184
4
9
0.68474
5
9
0.687896
6
9
0.694207
7
9
0.692441
8
9
0.647212
9
9
0.61273
10
9
0.768931
11
9
0.760351
12
9
0.674655
13
9
0.731723
14
9
0.667608
15
9
0.787126
16
9
0.749223
17
9
0.755116
18
9
0.651249
19
9
0.643911
20
9
0.680787
21
9
0.714263
22
9
0.794833
23
9
0.644856
24
9
0.82851
25
9
0.725671
26
9
0.718604
27
9
0.614457
28
9
0.64926
29
9
0.769588
30
9
0.74712
31
9
0.764948
32
9
0.652073
33
9
0.747838
34
9
0.628577
35
9
0.788696
36
9
0.631472
37
9
0.6903
38
9
0.744355
39
9
0.725197
40
9
0.682957
41
9
0.748732
42
9
0.70847
43
9
0.694435
44
9
0.732767
45
9
0.62826
46
9
0.786498
47
9
0.847455
48
9
0.78782
49
9
0.662108
50
9
0.765714
51
9
0.624223
52
9
0.721808
0
10
0.662406
1
10
0.721645
2
10
0.755561
3
10
0.748506
4
10
0.724335
5
10
0.657721
6
10
0.769791
7
10
0.697473
8
10
0.76863
9
10
0.706515
10
10
0.687751
11
10
0.626568
12
10
0.606334
13
10
0.746131
14
10
0.655677
15
10
0.760062
16
10
0.600999
17
10
0.699949
18
10
0.845608
19
10
0.743871
20
10
0.778554
21
10
0.674415
22
10
0.675522
23
10
0.666933
24
10
0.838642
25
10
0.665096
26
10
0.743027
27
10
0.712231
28
10
0.71828
29
10
0.713679
30
10
0.635833
31
10
0.751047
32
10
0.781648
33
10
0.726998
34
10
0.713123
35
10
0.72664
36
10
0.811659
37
10
0.715286
38
10
0.771044
39
10
0.722774
40
10
0.702006
41
10
0.774867
42
10
0.757991
43
10
0.710381
44
10
0.615626
45
10
0.614068
46
10
0.698616
47
10
0.841133
48
10
0.731755
49
10
0.772493
50
10
0.69215
51
10
0.66068
52
10
0.658316
0
11
0.667093
1
11
0.753397
2
11
0.700241
3
11
0.669329
4
11
0.783909
5
11
0.652209
6
11
0.7997
7
11
0.673754
8
11
0.706092
9
11
0.737302
10
11
0.681948
11
11
0.639829
12
11
0.793628
13
11
0.817673
14
11
0.813645
15
11
0.746979
16
11
0.748332
17
11
0.726853
18
11
0.702563
19
11
0.793456
20
11
0.790498
21
11
0.81491
22
11
0.675485
23
11
0.767376
24
11
0.794343
25
11
0.770572
26
11
0.703412
27
11
0.585131
28
11
0.684266
29
11
0.744342
30
11
0.808744
31
11
0.804431
32
11
0.738524
33
11
0.759841
34
11
0.762743
35
11
0.783251
36
11
0.714255
37
11
0.623462
38
11
0.807889
39
11
0.839395
40
11
0.685794
41
11
0.783096
42
11
0.748338
43
11
0.795611
44
11
0.726158
45
11
0.70818
46
11
0.623966
47
11
0.645454
48
11
0.728196
49
11
0.650559
50
11
0.806416
51
11
0.626294
52
11
0.752669
0
12
0.75116
1
12
0.736004
2
12
0.784136
3
12
0.616631
4
12
0.746558
5
12
0.664474
6
12
0.793805
7
12
0.661561
8
12
0.762493
9
12
0.657595
10
12
0.707647
11
12
0.729767
12
12
0.654216
13
12
0.647025
14
12
0.694568
15
12
0.786895
16
12
0.633245
17
12
0.72276
18
12
0.65034
19
12
0.683142
20
12
0.69383
21
12
0.695875
22
12
0.785274
23
12
0.661535
24
12
0.640465
25
12
0.722204
26
12
0.716881
27
12
0.594316
28
12
0.679753
29
12
0.772157
30
12
0.684646
31
12
0.746635
32
12
0.696332
33
12
0.745217
34
12
0.678878
35
12
0.703465
36
12
0.713326
37
12
0.785415
38
12
0.73567
39
12
0.694607
40
12
0.706028
41
12
0.651875
42
12
0.731908
43
12
0.7955
44
12
0.67447
45
12
0.797911
46
12
0.666042
47
12
0.699174
48
12
0.681533
49
12
0.661111
50
12
0.705273
51
12
0.648871
52
12
0.766549
0
13
0.6857
1
13
0.69066
2
13
0.779455
3
13
0.834238
4
13
0.636797
5
13
0.714299
6
13
0.668341
7
13
0.865392
8
13
0.73037
9
13
0.627295
10
13
0.757461
11
13
0.878984
12
13
0.800993
13
13
0.782933
14
13
0.734936
15
13
0.664454
16
13
0.588498
17
13
0.700202
18
13
0.798039
19
13
0.806808
20
13
0.761605
21
13
0.831555
22
13
0.801918
23
13
0.773966
24
13
0.647937
25
13
0.716287
26
13
0.766013
27
13
0.794942
28
13
0.678246
29
13
0.674919
30
13
0.733252
31
13
0.741083
32
13
0.726709
33
13
0.747787
34
13
0.703917
35
13
0.764169
36
13
0.816565
37
13
0.772136
38
13
0.737632
39
13
0.815006
40
13
0.776004
41
13
0.773046
42
13
0.694184
43
13
0.835479
44
13
0.752417
45
13
0.765272
46
13
0.627024
47
13
0.778032
48
13
0.746962
49
13
0.765595
50
13
0.703387
51
13
0.713993
52
13
0.740269
0
14
0.748021
1
14
0.765965
2
14
0.804583
3
14
0.763988
4
14
0.768151
5
14
1.12557
6
14
0.723431
7
14
0.754979
8
14
0.667605
9
14
0.619391
10
14
0.724895
11
14
0.760892
12
14
0.735088
13
14
0.800146
14
14
0.675178
15
14
0.752156
16
14
0.771681
17
14
0.76498
18
14
0.735281
19
14
0.633538
20
14
0.803391
21
14
0.753182
22
14
0.741954
23
14
0.764935
24
14
0.652033
25
14
0.656325
26
14
0.74046
27
14
0.719971
28
14
0.628647
29
14
0.772844
30
14
0.746778
31
14
0.688985
32
14
0.714664
33
14
0.764722
34
14
0.729622
35
14
0.750941
36
14
0.66472
37
14
0.789838
38
14
0.617487
39
14
0.812656
40
14
0.683314
41
14
0.780403
42
14
0.738638
43
14
0.693701
44
14
0.66779
45
14
0.860719
46
14
0.653016
47
14
0.644447
48
14
0.705297
49
14
0.659718
50
14
0.636527
51
14
0.707023
52
14
0.661423
0
15
0.790961
1
15
0.780609
2
15
0.803428
3
15
1.08222
4
15
0.773184
5
15
0.740805
6
15
0.774627
7
15
0.811579
8
15
0.647131
9
15
0.696234
10
15
0.667273
11
15
0.783576
12
15
0.83001
13
15
0.7568
14
15
0.766508
15
15
0.718433
16
15
0.690647
17
15
0.693342
18
15
1.19892
19
15
0.833111
20
15
0.700617
21
15
0.626776
22
15
0.598054
23
15
0.734155
24
15
0.753099
25
15
0.776236
26
15
0.811462
27
15
0.672751
28
15
0.718704
29
15
0.767204
30
15
0.74146
31
15
0.716724
32
15
0.696039
33
15
0.678911
34
15
0.644831
35
15
0.667638
36
15
0.690336
37
15
0.668549
38
15
0.756209
39
15
0.713656
40
15
0.730433
41
15
0.751393
42
15
0.731965
43
15
0.814157
44
15
0.699006
45
15
0.697834
46
15
0.76859
47
15
0.676577
48
15
0.768305
49
15
0.811022
50
15
0.754972
51
15
1.08418
52
15
0.699112
